55239.204940 127.36469 20.37659
55239.204940 127.43440 20.38030
55239.204940 127.22067 20.37741
55239.204940 127.13701 20.37635
55239.204940 126.92300 20.37431
55239.204940 127.34361 20.37981
55239.204940 127.09332 20.37596
55239.204940 126.93234 20.37359
55239.204940 127.16662 20.37769
55239.204940 126.96056 20.37463
55239.204940 127.47018 20.38203
55239.204940 127.36491 20.37471
55239.204940 127.36493 20.37234
55239.204940 126.92153 20.35667
55239.204940 127.08902 20.35614
55239.204940 126.90765 20.34462
55239.204940 126.90426 20.34492
55239.204940 127.27783 20.35086
55239.204940 127.04142 20.34487
55239.204940 127.06916 20.34459
55239.204940 127.48059 20.34690
55239.204940 127.34877 20.34546
55239.204940 127.26621 20.34268
55239.204940 127.28120 20.34214
55239.204940 127.25571 20.31564
55239.204940 126.95957 20.32728
55239.204940 126.92232 20.32242
55239.204940 127.00196 20.32208
55239.204940 126.96607 20.31825
55239.204940 127.48151 20.31800
55239.204940 127.26680 20.27262
55239.204940 127.43464 20.27795
55239.204940 127.18611 20.23377
55239.204940 127.25445 20.23260
55239.204940 126.89465 20.24836
55239.204940 127.20124 20.24955
55239.204940 127.01835 20.23896
55239.204940 127.35559 20.24417
55239.204940 126.92333 20.23477
55239.204940 127.17004 20.23337
55239.204940 127.19671 20.23383
55239.204940 127.22670 20.22521
55239.204940 127.20508 20.19359
55239.204940 127.43764 20.18552
55239.204940 127.25015 20.20553
55239.204940 126.88950 20.19115
55239.204940 126.92384 20.19016
55239.204940 127.43626 20.19139
55239.204940 127.20776 20.19002
55239.204940 126.91480 20.16716
55239.204940 127.27017 20.16684
55239.204940 127.27015 20.16154
55239.204940 127.05196 20.13758
55239.204940 127.46218 20.15887
55239.204940 127.37340 20.12790
55239.204940 127.43091 20.09328
55239.204940 127.27116 20.04757
55239.204940 127.01680 20.06018
55239.204940 127.17157 20.07530
55239.204940 127.42017 20.07244
55239.204940 127.41350 20.05558
55239.204940 127.27694 20.04580
55239.204940 127.27671 20.03804
55239.204940 127.27096 20.02979
55239.204940 127.38741 20.02618
55239.204940 126.92708 19.99892
55239.204940 127.34578 19.99876
55239.204940 127.48587 19.99205
55239.204940 127.34751 19.99555
55239.204940 127.09835 19.97424
55239.204940 127.32631 19.98925
55239.204940 127.24374 19.97749
55239.204940 126.92791 19.95230
55239.204940 127.36228 19.92279
55239.204940 126.90792 19.89111
55239.204940 127.04113 19.91663
55239.204940 127.25742 19.92009
55239.204940 127.33576 19.90332
55239.204940 127.33596 19.89844
55239.204940 127.17914 19.86390
55239.204940 127.15292 19.89420
55239.204940 127.33996 19.88102
55239.204940 126.89426 19.87501
55239.204940 127.16539 19.85802
55239.204940 126.99598 19.85775
55239.204940 127.15930 19.85141
55239.204940 127.05218 19.84813
55239.204940 127.09582 19.84546
55239.204940 127.39055 19.84293
55239.204940 127.21700 19.83352
55239.204940 127.40015 19.81158
55239.204940 127.04872 19.79710
55239.204940 127.33081 19.79994
55239.204940 126.93173 19.77366
55239.204940 127.15618 19.74176
55239.204940 127.20591 19.74283
55239.204940 127.20919 19.74307
55239.204940 127.25120 19.73402
55239.204940 127.48830 19.73217
55239.204940 127.19320 19.70228
55239.204940 127.33194 19.72246
55239.204940 127.30017 19.70463
55239.204940 127.30311 19.70328
55239.204940 126.93229 19.68192
55239.204940 127.19584 19.65566
55239.204940 127.25110 19.68094
55239.204940 126.91966 19.67400
55239.204940 127.19917 19.65633
55239.204940 127.13070 19.66289
55239.204940 127.32274 19.65498
55239.204940 126.93286 19.65065
55239.204940 127.19965 19.62519
55239.204940 126.93323 19.62937
55239.204940 127.14374 19.62677
55239.204940 126.92092 19.62259
55239.204940 126.99638 19.59539
55239.204940 127.13343 19.61528
55239.204940 127.27559 19.61007
55239.204940 127.40214 19.60280
55239.204940 127.08573 19.59655
55239.204940 127.49101 19.23324
55239.204940 127.40344 19.23231
55239.204940 127.31854 19.23118
55239.204940 126.94907 19.22590
55239.204940 126.90295 19.22530
55239.204940 127.34176 19.23153
55239.204940 127.30022 19.23084
55239.204940 127.24397 19.23029
55239.204940 127.18069 19.22942
55239.204940 127.14690 19.22898
55239.204940 127.29159 19.23160
55239.204940 126.89988 19.22972
55239.204940 126.89170 19.23923
55239.204940 126.89009 19.23930
55239.204940 127.23255 19.24682
55239.204940 127.41422 19.25023
55239.204940 127.30976 19.25649
55239.204940 127.06359 19.27631
55239.204940 127.27101 19.28220
55239.204940 127.09472 19.28919
55239.204940 127.10739 19.29214
55239.204940 126.93341 19.29539
55239.204940 126.92743 19.29712
55239.204940 126.89999 19.29381
55239.204940 127.10533 19.30640
55239.204940 127.10652 19.32711
55239.204940 127.31608 19.47933
55239.204940 127.13243 19.39771
55239.204940 127.13483 19.40046
55239.204940 127.07869 19.56096
55239.204940 126.98946 19.55839
55239.204940 126.93149 19.32168
55239.204940 127.18052 19.36518
55239.204940 127.11096 19.57263
55239.204940 127.11631 19.32519
55239.204940 127.12512 19.58793
55239.204940 126.96301 19.38206
55239.204940 127.11618 19.32818
55239.204940 127.11832 19.32792
55239.204940 127.02421 19.35078
55239.204940 126.96696 19.36261
55239.204940 126.96844 19.36975
55239.204940 126.97133 19.37067
55239.204940 127.18668 19.42417
55239.204940 127.26108 19.40108
55239.204940 127.13361 19.39935
55239.204940 127.00655 19.41673
55239.204940 127.00069 19.54969
55239.204940 127.01240 19.43284
55239.204940 127.01441 19.42905
55239.204940 127.38492 19.44772
55239.204940 127.04899 19.44672
55239.204940 127.33837 19.45769
55239.204940 127.36561 19.49044
55239.204940 127.23525 19.46037
55239.204940 127.26931 19.47614
55239.204940 127.07308 19.47615
55239.204940 127.29030 19.46957
55239.204940 127.31214 19.48011
55239.204940 127.27302 19.49359
55239.204940 127.10798 19.48789
55239.204940 127.06988 19.49653
55239.204940 127.16796 19.54352
55239.204940 126.93533 19.50340
55239.204940 127.47985 19.52618
55239.204940 126.88918 19.52492
55239.204940 127.28192 19.52904
55239.204940 126.88636 19.53288
55239.217300 127.36477 20.37611
55239.217300 127.43438 20.38028
55239.217300 127.22068 20.37742
55239.217300 127.13701 20.37633
55239.217300 126.92299 20.37437
55239.217300 127.34366 20.37983
55239.217300 127.09348 20.37610
55239.217300 127.47010 20.38194
55239.217300 127.16659 20.37763
55239.217300 126.96057 20.37461
55239.217300 126.92931 20.37422
55239.217300 127.30272 20.37824
55239.217300 127.31517 20.37224
55239.217300 127.31520 20.37054
55239.217300 126.93390 20.36096
55239.217300 126.90313 20.35933
55239.217300 126.90387 20.35540
55239.217300 126.90422 20.34492
55239.217300 127.48032 20.34679
55239.217300 127.26626 20.34266
55239.217300 126.99911 20.32252
55239.217300 127.25571 20.31564
55239.217300 127.13037 20.32149
55239.217300 127.25482 20.30900
55239.217300 126.92184 20.29611
55239.217300 126.95361 20.28950
55239.217300 127.41290 20.29253
55239.217300 127.26680 20.27262
55239.217300 127.43156 20.27889
55239.217300 127.18612 20.23377
55239.217300 126.91526 20.26357
55239.217300 126.89199 20.24834
55239.217300 126.93450 20.24606
55239.217300 127.25443 20.23258
55239.217300 127.01839 20.23894
55239.217300 127.19657 20.23382
55239.217300 127.43763 20.18550
55239.217300 127.35261 20.20691
55239.217300 127.25009 20.20544
55239.217300 127.20507 20.19358
55239.217300 126.88643 20.19174
55239.217300 127.20765 20.19003
55239.217300 127.43625 20.19141
55239.217300 126.92362 20.18029
55239.217300 126.91480 20.16716
55239.217300 127.27016 20.16683
55239.217300 127.40200 20.17837
55239.217300 127.40130 20.17740
55239.217300 127.45907 20.15900
55239.217300 127.05196 20.13760
55239.217300 127.21887 20.13474
55239.217300 127.27116 20.04756
55239.217300 127.38830 20.07880
55239.217300 127.01678 20.06017
55239.217300 127.42503 20.07473
55239.217300 127.42027 20.07236
55239.217300 127.30764 20.05152
55239.217300 127.27696 20.04578
55239.217300 127.27109 20.02973
55239.217300 127.37664 20.02828
55239.217300 127.38740 20.02616
55239.217300 127.36925 20.02172
55239.217300 127.48507 20.01905
55239.217300 127.48540 19.99205
55239.217300 127.09834 19.97425
55239.217300 127.32631 19.98918
55239.217300 127.34196 19.96236
55239.217300 127.05468 19.96366
55239.217300 126.96539 19.95505
55239.217300 127.06706 19.95020
55239.217300 127.36227 19.92280
55239.217300 126.90792 19.89109
55239.217300 127.04108 19.91661
55239.217300 127.17912 19.86388
55239.217300 127.33497 19.90140
55239.217300 127.15058 19.89473
55239.217300 127.30341 19.88781
55239.217300 127.33966 19.88056
55239.217300 127.16287 19.85879
55239.217300 127.16790 19.85743
55239.217300 127.02679 19.85466
55239.217300 127.15684 19.85201
55239.217300 127.04931 19.84940
55239.217300 127.09578 19.84542
55239.217300 127.05477 19.83879
55239.217300 127.21387 19.83468
55239.217300 127.33075 19.79994
55239.217300 127.12463 19.79490
55239.217300 126.93009 19.78699
55239.217300 127.47665 19.78902
55239.217300 127.33529 19.78609
55239.217300 127.15617 19.74174
55239.217300 126.98235 19.74661
55239.217300 126.95168 19.74598
55239.217300 127.46882 19.75106
55239.217300 127.20591 19.74281
55239.217300 127.10678 19.74293
55239.217300 127.14899 19.74188
55239.217300 127.19320 19.70230
55239.217300 126.87968 19.70764
55239.217300 127.07601 19.71696
55239.217300 127.34596 19.71652
55239.217300 127.07115 19.70790
55239.217300 127.07806 19.70379
55239.217300 127.19583 19.65564
55239.217300 127.15901 19.67525
55239.217300 127.04283 19.67157
55239.217300 127.15749 19.67234
55239.217300 127.19916 19.65633
55239.217300 127.04312 19.65378
55239.217300 127.31974 19.65557
55239.217300 127.04406 19.65114
55239.217300 126.93246 19.64159
55239.217300 127.21635 19.64224
55239.217300 126.89603 19.63043
55239.217300 126.90067 19.62690
55239.217300 126.91830 19.62351
55239.217300 126.93297 19.61950
55239.217300 127.13095 19.61579
55239.217300 126.99639 19.59538
55239.217300 127.27558 19.61005
55239.217300 127.39923 19.60371
55239.217300 127.08583 19.59653
55239.217300 127.47916 19.23356
55239.217300 127.26959 19.23064
55239.217300 127.24666 19.23040
55239.217300 127.08859 19.22803
55239.217300 127.00837 19.22683
55239.217300 126.90429 19.22539
55239.217300 127.42665 19.23277
55239.217300 127.41816 19.23264
55239.217300 127.32455 19.23123
55239.217300 127.10686 19.22848
55239.217300 127.35877 19.23326
55239.217300 127.38810 19.23676
55239.217300 127.25740 19.23720
55239.217300 126.89263 19.23633
55239.217300 127.38595 19.24178
55239.217300 126.88909 19.23966
55239.217300 127.36572 19.24804
55239.217300 127.23258 19.24680
55239.217300 127.38553 19.24993
55239.217300 127.19687 19.28059
55239.217300 127.27110 19.28202
55239.217300 127.09763 19.28058
55239.217300 127.09814 19.28201
55239.217300 127.09153 19.28969
55239.217300 127.10739 19.29218
55239.217300 126.89996 19.29380
55239.217300 126.91800 19.29644
55239.217300 127.02375 19.29819
55239.217300 126.90765 19.29793
55239.217300 126.92004 19.29827
55239.217300 127.10544 19.30641
55239.217300 127.11095 19.57263
55239.217300 127.04449 19.58751
55239.217300 127.10707 19.31213
55239.217300 127.10652 19.32706
55239.217300 126.93147 19.32171
55239.217300 127.22035 19.31914
55239.217300 127.11822 19.32793
55239.217300 127.11612 19.32833
55239.217300 127.21394 19.34879
55239.217300 127.02418 19.35079
55239.217300 126.96695 19.36262
55239.217300 127.07206 19.47567
55239.217300 126.96307 19.38207
55239.217300 126.96846 19.36973
55239.217300 127.39142 19.38129
55239.217300 127.29031 19.46957
55239.217300 127.26107 19.40103
55239.217300 126.97075 19.39404
55239.217300 127.00655 19.41673
55239.217300 127.12895 19.42123
55239.217300 127.18673 19.42418
55239.217300 127.01240 19.43285
55239.217300 127.30616 19.47124
55239.217300 127.38243 19.44787
55239.217300 126.88580 19.54771
55239.217300 127.33837 19.45772
55239.217300 127.26917 19.47622
55239.217300 127.47750 19.52667
55239.217300 127.22654 19.48350
55239.217300 127.36292 19.48989
55239.217300 126.93439 19.53398
55239.217300 126.97114 19.37449
55239.217300 127.27053 19.49425
55239.217300 126.88635 19.53287
55239.217300 127.34785 19.52379
55239.217300 126.92218 19.55735
55239.217300 127.16795 19.54351
55239.229720 127.43439 20.38030
55239.229720 127.22066 20.37745
55239.229720 127.13709 20.37629
55239.229720 127.34355 20.37981
55239.229720 126.92298 20.37425
55239.229720 126.96082 20.37445
55239.229720 126.92035 20.33333
55239.229720 127.43942 20.33733
55239.229720 127.25567 20.31563
55239.229720 127.13648 20.30794
55239.229720 127.28969 20.30239
55239.229720 127.26676 20.27262
55239.229720 127.48079 20.26765
55239.229720 127.18608 20.23374
55239.229720 127.25440 20.23259
55239.229720 127.20504 20.19359
55239.229720 127.43760 20.18549
55239.229720 126.97287 20.18450
55239.229720 126.91478 20.16716
55239.229720 127.27014 20.16682
55239.229720 127.17196 20.17460
55239.229720 127.45595 20.15914
55239.229720 127.05194 20.13757
55239.229720 126.92423 20.09083
55239.229720 126.92437 20.07201
55239.229720 127.01678 20.06017
55239.229720 127.27112 20.04755
55239.229720 127.13693 20.06207
55239.229720 127.16063 20.05576
55239.229720 127.38579 20.05550
55239.229720 126.92565 20.00318
55239.229720 126.87409 19.99943
55239.229720 127.09832 19.97423
55239.229720 126.92960 19.95477
55239.229720 126.96769 19.95508
55239.229720 126.98316 19.95489
55239.229720 127.16012 19.94744
55239.229720 127.36223 19.92277
55239.229720 127.46870 19.93107
55239.229720 126.90791 19.89109
55239.229720 127.42189 19.88463
55239.229720 127.17911 19.86387
55239.229720 127.29954 19.86938
55239.229720 127.16038 19.85962
55239.229720 126.92817 19.84950
55239.229720 127.11056 19.83359
55239.229720 127.06291 19.82898
55239.229720 127.39522 19.81433
55239.229720 127.06039 19.80727
55239.229720 126.92904 19.80445
55239.229720 127.35278 19.78704
55239.229720 126.96177 19.76173
55239.229720 126.95599 19.75931
55239.229720 127.40086 19.76462
55239.229720 127.15615 19.74174
55239.229720 127.20591 19.74281
55239.229720 126.87937 19.70763
55239.229720 127.19318 19.70226
55239.229720 126.89185 19.70687
55239.229720 127.19581 19.65564
55239.229720 127.19916 19.65633
55239.229720 127.23965 19.63061
55239.229720 126.99647 19.59526
55239.229720 127.44655 19.23361
55239.229720 127.32371 19.23140
55239.229720 127.21672 19.23007
55239.229720 127.04464 19.22744
55239.229720 127.00825 19.22696
55239.229720 127.42307 19.23281
55239.229720 127.17531 19.22945
55239.229720 126.89128 19.23657
55239.229720 127.38779 19.29711
55239.229720 126.89995 19.29373
55239.229720 126.89469 19.29535
55239.229720 126.91790 19.29643
55239.229720 127.02657 19.30837
55239.229720 126.93166 19.32168
55239.229720 127.28708 19.57566
55239.229720 127.10825 19.32125
55239.229720 127.11094 19.57267
55239.229720 127.45450 19.32629
55239.229720 127.30570 19.55175
55239.229720 126.96844 19.34446
55239.229720 127.10650 19.32707
55239.229720 127.49335 19.32797
55239.229720 127.49197 19.37960
55239.229720 126.93762 19.42853
55239.229720 126.96694 19.36258
55239.229720 127.15588 19.39285
55239.229720 127.26104 19.40104
55239.229720 126.93534 19.41887
55239.229720 127.01238 19.43285
55239.229720 127.16050 19.49294
55239.229720 127.18671 19.44307
55239.229720 127.33835 19.45770
55239.229720 127.13266 19.46725
55239.229720 127.26807 19.49483
55239.229720 127.16420 19.48684
55239.229720 127.16296 19.49290
55239.229720 127.35263 19.50789
55239.229720 127.16793 19.54349
55239.229720 127.47525 19.52708
55239.229720 126.88634 19.53287
55239.242220 127.43438 20.38029
55239.242220 127.22058 20.37738
55239.242220 127.13705 20.37635
55239.242220 127.34385 20.37993
55239.242220 126.92300 20.37426
55239.242220 127.18155 20.37658
55239.242220 126.87498 20.34356
55239.242220 127.25568 20.31564
55239.242220 127.11563 20.28270
55239.242220 127.26677 20.27262
55239.242220 127.48079 20.26759
55239.242220 127.18609 20.23372
55239.242220 127.25440 20.23259
55239.242220 126.90343 20.22985
55239.242220 127.20504 20.19358
55239.242220 126.92252 20.19185
55239.242220 127.43761 20.18549
55239.242220 127.43742 20.19330
55239.242220 126.91478 20.16716
55239.242220 127.27014 20.16682
55239.242220 127.13132 20.17140
55239.242220 127.08801 20.16934
55239.242220 127.38186 20.17204
55239.242220 126.92320 20.17225
55239.242220 127.04671 20.15784
55239.242220 127.45280 20.15927
55239.242220 127.05194 20.13757
55239.242220 127.06587 20.11629
55239.242220 127.01677 20.06017
55239.242220 127.27112 20.04755
55239.242220 126.94895 20.02037
55239.242220 126.87402 19.99930
55239.242220 127.11447 20.00109
55239.242220 127.22559 19.99675
55239.242220 127.18665 19.98531
55239.242220 127.09832 19.97423
55239.242220 126.96413 19.95520
55239.242220 127.47193 19.93799
55239.242220 127.36223 19.92277
55239.242220 126.90790 19.89109
55239.242220 127.21084 19.89237
55239.242220 127.17911 19.86387
55239.242220 126.89462 19.85858
55239.242220 127.15778 19.86040
55239.242220 126.88613 19.81269
55239.242220 127.39262 19.81573
55239.242220 127.15615 19.74174
55239.242220 127.20593 19.74282
55239.242220 126.93000 19.73846
55239.242220 127.38481 19.73690
55239.242220 126.93031 19.71911
55239.242220 126.87938 19.70763
55239.242220 127.16677 19.71599
55239.242220 127.19318 19.70227
55239.242220 127.40366 19.71046
55239.242220 127.19581 19.65564
55239.242220 127.19916 19.65634
55239.242220 127.12462 19.61554
55239.242220 126.99649 19.59526
55239.242220 127.45110 19.23302
55239.242220 127.44648 19.23373
55239.242220 127.42766 19.23280
55239.242220 127.21245 19.23063
55239.242220 127.10589 19.22861
55239.242220 127.00832 19.22695
55239.242220 127.00036 19.22685
55239.242220 126.94871 19.22600
55239.242220 127.18695 19.22962
55239.242220 127.04272 19.22739
55239.242220 126.89695 19.23120
55239.242220 127.13532 19.23827
55239.242220 126.89230 19.23624
55239.242220 126.92922 19.29154
55239.242220 126.89987 19.29390
55239.242220 126.91796 19.29642
55239.242220 126.96695 19.36260
55239.242220 127.11094 19.57267
55239.242220 126.99509 19.58839
55239.242220 127.07428 19.58050
55239.242220 127.10807 19.32125
55239.242220 126.99957 19.31218
55239.242220 127.10650 19.32707
55239.242220 127.00282 19.31168
55239.242220 127.41543 19.39357
55239.242220 127.26104 19.40104
55239.242220 127.26390 19.40302
55239.242220 127.01239 19.43285
55239.242220 127.33834 19.45769
55239.242220 126.93463 19.46141
55239.242220 127.02034 19.47040
55239.242220 127.24781 19.49407
55239.242220 127.26553 19.49566
55239.242220 126.93404 19.49855
55239.242220 127.47277 19.52775
55239.242220 127.16792 19.54350
55239.242220 127.12892 19.52961
55239.242220 126.88634 19.53287
55239.254760 127.43439 20.38030
55239.254760 127.22063 20.37742
55239.254760 127.13701 20.37635
55239.254760 127.34366 20.37976
55239.254760 126.92299 20.37429
55239.254760 126.96058 20.37458
55239.254760 127.33427 20.32839
55239.254760 127.25567 20.31563
55239.254760 126.92107 20.30804
55239.254760 127.26676 20.27261
55239.254760 127.48121 20.26756
55239.254760 127.18611 20.23373
55239.254760 126.92396 20.24204
55239.254760 127.25442 20.23259
55239.254760 127.28985 20.23178
55239.254760 127.20506 20.19359
55239.254760 127.16957 20.19907
55239.254760 127.43763 20.18549
55239.254760 126.91478 20.16715
55239.254760 127.40208 20.17838
55239.254760 127.27014 20.16682
55239.254760 126.92478 20.15670
55239.254760 127.44964 20.15940
55239.254760 127.05195 20.13757
55239.254760 127.15599 20.14945
55239.254760 126.92386 20.12024
55239.254760 127.12887 20.12958
55239.254760 126.92410 20.09647
55239.254760 127.01678 20.06016
55239.254760 127.27114 20.04753
55239.254760 127.39042 20.05118
55239.254760 127.44303 20.02686
55239.254760 126.92597 20.00564
55239.254760 127.11988 20.00645
55239.254760 127.39840 19.99173
55239.254760 127.48483 19.99200
55239.254760 126.92633 19.98283
55239.254760 127.09832 19.97423
55239.254760 126.94958 19.96737
55239.254760 127.36224 19.92279
55239.254760 127.04106 19.91670
55239.254760 126.90791 19.89106
55239.254760 127.38853 19.90536
55239.254760 127.17914 19.86386
55239.254760 127.44962 19.87075
55239.254760 127.15528 19.86114
55239.254760 127.14938 19.85367
55239.254760 127.12696 19.83881
55239.254760 127.39014 19.81714
55239.254760 127.11386 19.79779
55239.254760 127.15616 19.74173
55239.254760 127.20590 19.74281
55239.254760 126.93059 19.73620
55239.254760 127.30011 19.73274
55239.254760 126.87939 19.70763
55239.254760 127.19321 19.70225
55239.254760 127.19583 19.65565
55239.254760 127.10001 19.66353
55239.254760 127.19916 19.65633
55239.254760 127.31054 19.65724
55239.254760 126.93206 19.63685
55239.254760 127.19964 19.62507
55239.254760 127.31951 19.62033
55239.254760 127.12332 19.61727
55239.254760 126.99649 19.59525
55239.254760 127.39037 19.60655
55239.254760 127.20061 19.60263
55239.254760 127.44675 19.23348
55239.254760 127.39041 19.23262
55239.254760 127.27731 19.23090
55239.254760 127.24610 19.23062
55239.254760 127.22425 19.23017
55239.254760 127.19763 19.22975
55239.254760 127.06571 19.22780
55239.254760 127.04696 19.22752
55239.254760 127.00826 19.22702
55239.254760 126.90338 19.22546
55239.254760 127.47098 19.23332
55239.254760 127.11498 19.22859
55239.254760 127.09767 19.22823
55239.254760 127.07992 19.22799
55239.254760 127.15631 19.23221
55239.254760 126.90203 19.22838
55239.254760 126.99785 19.27879
55239.254760 127.03923 19.29230
55239.254760 126.90002 19.29376
55239.254760 127.22607 19.29890
55239.254760 126.89448 19.29564
55239.254760 126.91800 19.29644
55239.254760 126.93788 19.29742
55239.254760 127.22620 19.36754
55239.254760 127.11094 19.57266
55239.254760 126.90337 19.33664
55239.254760 126.93149 19.32175
55239.254760 127.02365 19.58639
55239.254760 127.10651 19.32708
55239.254760 127.49377 19.32816
55239.254760 127.20099 19.32444
55239.254760 127.10817 19.32124
55239.254760 127.29146 19.40070
55239.254760 127.02416 19.35075
55239.254760 126.96696 19.36259
55239.254760 127.26138 19.40481
55239.254760 127.26389 19.40306
55239.254760 127.26104 19.40104
55239.254760 126.93903 19.45460
55239.254760 126.90299 19.42449
55239.254760 127.11459 19.54183
55239.254760 127.01239 19.43287
55239.254760 127.26308 19.49638
55239.254760 127.29030 19.46957
55239.254760 127.33837 19.45770
55239.254760 127.25481 19.46362
55239.254760 127.41148 19.56509
55239.254760 127.47041 19.52830
55239.254760 127.27299 19.48394
55239.254760 127.44513 19.50139
55239.254760 126.93367 19.54516
55239.254760 126.88636 19.53288
55239.254760 127.16795 19.54350
55239.254760 127.01878 19.53176
55239.267290 127.43439 20.38030
55239.267290 127.22066 20.37742
55239.267290 127.13699 20.37631
55239.267290 126.92300 20.37431
55239.267290 127.34359 20.37982
55239.267290 127.27617 20.37932
55239.267290 126.96061 20.37455
55239.267290 127.25568 20.31563
55239.267290 127.26677 20.27261
55239.267290 127.18613 20.23376
55239.267290 127.25441 20.23258
55239.267290 127.42542 20.21906
55239.267290 127.43762 20.18549
55239.267290 126.92392 20.20032
55239.267290 127.20503 20.19359
55239.267290 126.91478 20.16715
55239.267290 127.27015 20.16681
55239.267290 127.27631 20.16899
55239.267290 126.92442 20.17366
55239.267290 127.44618 20.15951
55239.267290 127.05197 20.13758
55239.267290 127.39847 20.13445
55239.267290 127.01678 20.06017
55239.267290 127.27114 20.04754
55239.267290 127.44695 20.06263
55239.267290 127.27692 20.04571
55239.267290 127.14060 20.01089
55239.267290 127.09833 19.97422
55239.267290 127.00585 19.97336
55239.267290 127.43925 19.97017
55239.267290 127.10914 19.96373
55239.267290 127.39425 19.96307
55239.267290 127.39246 19.96217
55239.267290 127.41060 19.96103
55239.267290 126.96633 19.95432
55239.267290 127.47522 19.95784
55239.267290 127.45180 19.94874
55239.267290 127.36223 19.92278
55239.267290 127.34587 19.91775
55239.267290 126.90791 19.89109
55239.267290 126.92877 19.89784
55239.267290 127.17914 19.86389
55239.267290 127.15273 19.86189
55239.267290 127.14685 19.85440
55239.267290 127.39840 19.85662
55239.267290 127.38758 19.81851
55239.267290 127.21622 19.76812
55239.267290 126.88577 19.74844
55239.267290 127.15617 19.74173
55239.267290 127.20591 19.74283
55239.267290 127.20631 19.73648
55239.267290 127.08163 19.71418
55239.267290 127.19321 19.70227
55239.267290 126.93208 19.69392
55239.267290 127.19584 19.65563
55239.267290 127.19916 19.65633
55239.267290 127.34926 19.63986
55239.267290 127.33684 19.63324
55239.267290 127.12076 19.61789
55239.267290 126.98838 19.61085
55239.267290 126.99650 19.59524
55239.267290 127.29825 19.38003
55239.267290 127.13830 19.22909
55239.267290 127.09333 19.22837
55239.267290 127.07210 19.22796
55239.267290 127.00827 19.22702
55239.267290 127.33434 19.23166
55239.267290 127.22557 19.23024
55239.267290 126.98437 19.23011
55239.267290 127.13744 19.29576
55239.267290 126.90000 19.29384
55239.267290 127.13561 19.29819
55239.267290 126.91798 19.29648
55239.267290 127.30048 19.51053
55239.267290 127.24158 19.38462
55239.267290 126.96696 19.36258
55239.267290 127.00535 19.56268
55239.267290 127.11094 19.57266
55239.267290 127.19074 19.36732
55239.267290 127.10818 19.32123
55239.267290 127.40624 19.31906
55239.267290 127.10652 19.32710
55239.267290 126.93142 19.32171
55239.267290 127.29031 19.46958
55239.267290 126.99034 19.35011
55239.267290 127.02422 19.35079
55239.267290 126.98652 19.36706
55239.267290 127.26141 19.40503
55239.267290 127.26105 19.40104
55239.267290 127.26391 19.40306
55239.267290 127.31684 19.41148
55239.267290 126.90922 19.40420
55239.267290 127.00659 19.41675
55239.267290 127.21022 19.40475
55239.267290 127.01241 19.43285
55239.267290 126.90648 19.42518
55239.267290 127.33835 19.45771
55239.267290 126.99688 19.44708
55239.267290 126.93547 19.50128
55239.267290 126.92804 19.46656
55239.267290 127.26053 19.49701
55239.267290 127.04723 19.48945
55239.267290 127.46927 19.56160
55239.267290 126.88634 19.53288
55239.267290 127.46809 19.52887
55239.267290 127.47223 19.56054
55239.267290 127.16796 19.54352
55239.267290 126.90610 19.42856
55239.300820 127.43440 20.38031
55239.300820 127.22067 20.37747
55239.300820 127.13701 20.37633
55239.300820 127.34372 20.37984
55239.300820 126.92328 20.37437
55239.300820 126.96065 20.37470
55239.300820 127.33023 20.36982
55239.300820 127.35247 20.36425
55239.300820 126.92474 20.34259
55239.300820 127.04061 20.33500
55239.300820 127.05094 20.32973
55239.300820 126.94753 20.32292
55239.300820 127.47440 20.32499
55239.300820 127.25568 20.31563
55239.300820 127.48322 20.31802
55239.300820 127.19257 20.29203
55239.300820 127.48512 20.29165
55239.300820 127.05764 20.27952
55239.300820 127.26677 20.27262
55239.300820 127.04383 20.26142
55239.300820 127.18617 20.23376
55239.300820 127.41018 20.25305
55239.300820 127.25441 20.23259
55239.300820 127.33666 20.20474
55239.300820 127.20505 20.19358
55239.300820 127.43765 20.18549
55239.300820 126.92725 20.18822
55239.300820 127.43617 20.19145
55239.300820 127.34475 20.18280
55239.300820 126.91479 20.16716
55239.300820 127.27014 20.16682
55239.300820 127.43802 20.15981
55239.300820 127.05194 20.13756
55239.300820 126.95034 20.13045
55239.300820 127.20790 20.11992
55239.300820 127.26798 20.11678
55239.300820 127.22708 20.11597
55239.300820 127.00909 20.07079
55239.300820 127.01678 20.06017
55239.300820 127.42198 20.04623
55239.300820 127.48909 19.99353
55239.300820 127.09832 19.97423
55239.300820 127.44782 19.96728
55239.300820 127.07594 19.95677
55239.300820 127.36226 19.92279
55239.300820 126.90794 19.89108
55239.300820 127.49024 19.90382
55239.300820 127.17915 19.86389
55239.300820 127.14590 19.86396
55239.300820 127.11268 19.86430
55239.300820 127.14030 19.85589
55239.300820 126.93305 19.84053
55239.300820 127.49101 19.84297
55239.300820 127.27138 19.83858
55239.300820 127.19735 19.83201
55239.300820 127.20576 19.82241
55239.300820 127.38084 19.82228
55239.300820 126.93194 19.81605
55239.300820 127.04809 19.78158
55239.300820 127.28513 19.77227
55239.300820 127.49020 19.76758
55239.300820 127.29794 19.75602
55239.300820 127.15617 19.74174
55239.300820 127.25873 19.74957
55239.300820 127.20591 19.74282
55239.300820 126.90892 19.73785
55239.300820 127.03357 19.72152
55239.300820 127.43688 19.71829
55239.300820 127.19322 19.70229
55239.300820 127.45369 19.71233
55239.300820 127.19583 19.65565
55239.300820 127.19916 19.65633
55239.300820 127.49363 19.65547
55239.300820 127.07759 19.65086
55239.300820 127.20914 19.63789
55239.300820 126.93638 19.63901
55239.300820 126.93630 19.63145
55239.300820 127.12030 19.60899
55239.300820 126.99652 19.59527
55239.300820 127.12098 19.59894
55239.300820 127.47514 19.23342
55239.300820 127.46904 19.23352
55239.300820 127.44623 19.23339
55239.300820 127.43521 19.23295
55239.300820 127.36541 19.23212
55239.300820 127.25935 19.23071
55239.300820 127.22142 19.23029
55239.300820 127.20207 19.22991
55239.300820 127.00849 19.22701
55239.300820 126.92193 19.22580
55239.300820 127.48620 19.23379
55239.300820 127.39891 19.23246
55239.300820 127.12894 19.22887
55239.300820 127.11032 19.22874
55239.300820 126.89646 19.23940
55239.300820 127.24448 19.26848
55239.300820 126.89997 19.29382
55239.300820 126.91803 19.29642
55239.300820 126.89070 19.29955
55239.300820 127.49471 19.56757
55239.300820 126.93162 19.32166
55239.300820 127.02415 19.35080
55239.300820 127.11094 19.57267
55239.300820 127.44446 19.58062
55239.300820 127.10816 19.32124
55239.300820 127.45689 19.59292
55239.300820 127.17527 19.57446
55239.300820 127.23228 19.58625
55239.300820 127.28806 19.31999
55239.300820 127.10656 19.32711
55239.300820 127.11617 19.33867
55239.300820 126.96697 19.36262
55239.300820 126.96852 19.36975
55239.300820 127.29031 19.46957
55239.300820 127.49737 19.38095
55239.300820 127.26147 19.40480
55239.300820 127.26107 19.40104
55239.300820 127.38527 19.38815
55239.300820 127.26389 19.40311
55239.300820 126.93929 19.43229
55239.300820 126.88857 19.40812
55239.300820 126.94943 19.41371
55239.300820 126.94577 19.41620
55239.300820 127.01243 19.43287
55239.300820 127.16798 19.54351
55239.300820 127.08062 19.43425
55239.300820 127.33835 19.45770
55239.300820 126.88643 19.53291
55239.300820 127.41564 19.52671
55239.300820 127.25377 19.49891
55239.300820 127.17912 19.55567
55239.312340 127.36499 20.37621
55239.312340 127.43438 20.38029
55239.312340 127.22065 20.37743
55239.312340 127.13699 20.37635
55239.312340 126.92343 20.37420
55239.312340 127.34364 20.37975
55239.312340 127.09323 20.37594
55239.312340 126.96056 20.37460
55239.312340 127.16656 20.37768
55239.312340 126.92218 20.35227
55239.312340 126.90426 20.34491
55239.312340 126.92231 20.34153
55239.312340 127.48010 20.34655
55239.312340 126.96531 20.32616
55239.312340 126.95943 20.32729
55239.312340 127.25571 20.31563
55239.312340 126.97782 20.32588
55239.312340 127.47130 20.32498
55239.312340 127.09768 20.31039
55239.312340 127.25507 20.30906
55239.312340 127.30584 20.29640
55239.312340 127.26680 20.27261
55239.312340 127.40801 20.28612
55239.312340 127.18615 20.23376
55239.312340 127.12683 20.25959
55239.312340 127.25445 20.23259
55239.312340 127.46907 20.25036
55239.312340 127.21815 20.22860
55239.312340 127.42907 20.22116
55239.312340 126.87246 20.20680
55239.312340 127.20508 20.19358
55239.312340 127.43767 20.18551
55239.312340 126.89895 20.20071
55239.312340 127.20766 20.18997
55239.312340 127.43626 20.19144
55239.312340 126.91480 20.16716
55239.312340 127.27016 20.16682
55239.312340 127.43512 20.15994
55239.312340 127.05199 20.13757
55239.312340 127.18042 20.13538
55239.312340 127.17380 20.09599
55239.312340 127.38834 20.07887
55239.312340 127.01680 20.06016
55239.312340 127.45976 20.06724
55239.312340 127.03828 20.05627
55239.312340 127.27696 20.04578
55239.312340 127.05227 20.03964
55239.312340 127.25472 20.04211
55239.312340 127.34375 20.03127
55239.312340 127.38735 20.02615
55239.312340 127.43271 20.02545
55239.312340 126.90142 20.00908
55239.312340 127.13921 19.99549
55239.312340 127.09836 19.97423
55239.312340 127.14648 19.96946
55239.312340 126.93820 19.95487
55239.312340 127.05916 19.95648
55239.312340 127.03769 19.95611
55239.312340 126.98214 19.95515
55239.312340 127.22234 19.94449
55239.312340 127.36228 19.92278
55239.312340 127.22560 19.92543
55239.312340 127.04113 19.91664
55239.312340 126.90796 19.89112
55239.312340 127.13197 19.89871
55239.312340 127.17918 19.86390
55239.312340 127.14358 19.86464
55239.312340 127.02716 19.85927
55239.312340 127.13800 19.85649
55239.312340 127.14952 19.85382
55239.312340 127.09576 19.84537
55239.312340 127.19024 19.84341
55239.312340 127.37852 19.82353
55239.312340 127.27813 19.80285
55239.312340 127.33081 19.79987
55239.312340 127.39320 19.78532
55239.312340 126.93059 19.75526
55239.312340 127.43205 19.76223
55239.312340 127.15619 19.74169
55239.312340 127.20590 19.74283
55239.312340 127.40154 19.74304
55239.312340 127.26208 19.73935
55239.312340 127.21808 19.73006
55239.312340 127.19324 19.70228
55239.312340 126.93289 19.69268
55239.312340 127.29220 19.69628
55239.312340 127.11891 19.68967
55239.312340 127.12600 19.67168
55239.312340 127.19587 19.65565
55239.312340 127.04872 19.66210
55239.312340 127.19916 19.65633
55239.312340 127.29631 19.65962
55239.312340 126.92756 19.63578
55239.312340 126.89823 19.63012
55239.312340 127.19748 19.62789
55239.312340 127.11163 19.61969
55239.312340 126.99642 19.59536
55239.312340 127.27554 19.61006
55239.312340 127.37659 19.61079
55239.312340 127.42116 19.23284
55239.312340 127.35169 19.23176
55239.312340 127.31942 19.23131
55239.312340 127.29264 19.23079
55239.312340 127.28009 19.23092
55239.312340 127.21884 19.23012
55239.312340 127.20123 19.22975
55239.312340 127.13678 19.22892
55239.312340 127.07422 19.22779
55239.312340 126.93121 19.22567
55239.312340 126.90819 19.22548
55239.312340 127.48728 19.23347
55239.312340 127.14790 19.22914
55239.312340 126.89697 19.23245
55239.312340 126.89235 19.23826
55239.312340 126.89103 19.23927
55239.312340 127.36572 19.24805
55239.312340 127.23252 19.24687
55239.312340 127.14741 19.25266
55239.312340 126.99912 19.25701
55239.312340 127.27103 19.28215
55239.312340 127.09253 19.28036
55239.312340 127.10738 19.29215
55239.312340 126.90000 19.29382
55239.312340 126.93328 19.29525
55239.312340 126.91800 19.29643
55239.312340 126.92115 19.29779
55239.312340 126.91423 19.29840
55239.312340 126.92213 19.29888
55239.312340 127.10539 19.30634
55239.312340 126.97069 19.39436
55239.312340 127.00655 19.41673
55239.312340 127.07842 19.59233
55239.312340 127.11096 19.57266
55239.312340 126.93147 19.32166
55239.312340 126.93529 19.55899
55239.312340 127.17859 19.56454
55239.312340 127.10419 19.57563
55239.312340 127.09187 19.32252
55239.312340 126.93491 19.57904
55239.312340 127.12492 19.58780
55239.312340 127.10657 19.32711
55239.312340 127.10720 19.31185
55239.312340 126.97106 19.37470
55239.312340 127.11816 19.32791
55239.312340 127.02422 19.35079
55239.312340 126.96699 19.36257
55239.312340 126.92291 19.37221
55239.312340 126.96843 19.36972
55239.312340 126.96306 19.38207
55239.312340 127.31606 19.47930
55239.312340 127.26108 19.40103
55239.312340 127.19300 19.39948
55239.312340 127.19197 19.40653
55239.312340 127.28088 19.43391
55239.312340 127.01244 19.43287
55239.312340 127.22650 19.48345
55239.312340 127.33839 19.45771
55239.312340 127.36344 19.44856
55239.312340 126.88638 19.53287
55239.312340 127.33377 19.48044
55239.312340 126.91134 19.47708
55239.312340 127.29030 19.46957
55239.312340 127.16799 19.54353
55239.312340 127.34121 19.48588
55239.312340 127.05726 19.35575
55239.312340 127.04733 19.49716
55239.312340 126.99702 19.50959
55239.312340 127.38123 19.53530
55239.312340 127.45950 19.53072
55239.312340 127.34781 19.52373
55239.323900 127.36480 20.37595
55239.323900 127.43439 20.38029
55239.323900 127.22067 20.37744
55239.323900 127.13700 20.37633
55239.323900 127.34359 20.37981
55239.323900 127.09352 20.37602
55239.323900 126.92309 20.37424
55239.323900 126.89852 20.37297
55239.323900 127.16653 20.37767
55239.323900 126.96058 20.37460
55239.323900 127.31519 20.37205
55239.323900 127.36605 20.36052
55239.323900 126.90422 20.34482
55239.323900 127.48048 20.34674
55239.323900 126.95946 20.32728
55239.323900 126.97522 20.32649
55239.323900 126.99652 20.32592
55239.323900 127.25571 20.31565
55239.323900 127.46821 20.32498
55239.323900 126.96612 20.31814
55239.323900 126.92596 20.31420
55239.323900 127.48127 20.31814
55239.323900 127.25502 20.30889
55239.323900 126.90156 20.28123
55239.323900 127.40519 20.28702
55239.323900 127.26680 20.27263
55239.323900 126.88501 20.27781
55239.323900 127.04764 20.27405
55239.323900 127.18616 20.23378
55239.323900 127.34538 20.27517
55239.323900 127.12691 20.25964
55239.323900 127.08692 20.24612
55239.323900 127.46616 20.25055
55239.323900 127.25446 20.23261
55239.323900 127.19687 20.23373
55239.323900 126.93294 20.21745
55239.323900 127.25005 20.20554
55239.323900 127.43767 20.18550
55239.323900 127.20509 20.19360
55239.323900 127.20763 20.19003
55239.323900 127.43627 20.19141
55239.323900 127.47400 20.18847
55239.323900 126.91479 20.16715
55239.323900 127.40133 20.17743
55239.323900 127.27016 20.16684
55239.323900 127.43223 20.16004
55239.323900 127.05198 20.13758
55239.323900 126.92446 20.13999
55239.323900 127.17073 20.13750
55239.323900 127.32876 20.10064
55239.323900 127.01681 20.06020
55239.323900 127.19050 20.07187
55239.323900 127.42013 20.07240
55239.323900 127.06550 20.04737
55239.323900 127.27695 20.04588
55239.323900 127.25234 20.04247
55239.323900 127.38742 20.02619
55239.323900 126.92510 20.01721
55239.323900 127.38645 20.00782
55239.323900 127.48564 19.99211
55239.323900 127.09834 19.97424
55239.323900 126.92729 19.98113
55239.323900 126.92878 19.97596
55239.323900 127.34192 19.96237
55239.323900 126.96573 19.95493
55239.323900 127.06086 19.95647
55239.323900 127.02987 19.95588
55239.323900 126.88394 19.95329
55239.323900 127.05640 19.95527
55239.323900 126.92782 19.95217
55239.323900 127.36229 19.92280
55239.323900 126.90795 19.89113
55239.323900 127.04110 19.91664
55239.323900 127.43072 19.91600
55239.323900 127.12970 19.89922
55239.323900 127.32583 19.90165
55239.323900 127.17918 19.86393
55239.323900 127.42428 19.89512
55239.323900 126.94503 19.87064
55239.323900 127.35788 19.87249
55239.323900 127.14118 19.86533
55239.323900 127.02450 19.86043
55239.323900 127.02728 19.85934
55239.323900 127.13569 19.85699
55239.323900 127.09581 19.84548
55239.323900 127.21265 19.84695
55239.323900 127.18735 19.84445
55239.323900 127.39127 19.83424
55239.323900 127.37619 19.82480
55239.323900 127.33080 19.79992
55239.323900 127.15620 19.74175
55239.323900 127.20590 19.74284
55239.323900 126.93121 19.73930
55239.323900 127.19324 19.70229
55239.323900 126.87994 19.70770
55239.323900 126.94778 19.69208
55239.323900 127.19586 19.65565
55239.323900 127.19916 19.65633
55239.323900 127.29339 19.66007
55239.323900 126.89577 19.63094
55239.323900 127.19764 19.62769
55239.323900 127.10930 19.62012
55239.323900 126.99643 19.59538
55239.323900 127.37385 19.61158
55239.323900 127.47689 19.23322
55239.323900 127.43425 19.23267
55239.323900 127.41074 19.23247
55239.323900 127.30415 19.23106
55239.323900 127.24696 19.23034
55239.323900 127.20559 19.22962
55239.323900 127.08505 19.22791
55239.323900 126.94902 19.22579
55239.323900 126.90848 19.22519
55239.323900 126.91239 19.22523
55239.323900 126.89158 19.23940
55239.323900 126.88861 19.24032
55239.323900 127.36572 19.24802
55239.323900 127.23254 19.24680
55239.323900 127.40429 19.27143
55239.323900 127.27103 19.28206
55239.323900 127.09016 19.28110
55239.323900 127.03508 19.28488
55239.323900 127.35662 19.29356
55239.323900 127.10742 19.29211
55239.323900 126.89997 19.29378
55239.323900 126.91800 19.29643
55239.323900 126.90946 19.29817
55239.323900 126.90523 19.29814
55239.323900 127.10540 19.30628
55239.323900 127.31608 19.47937
55239.323900 126.96346 19.36511
55239.323900 127.00517 19.55114
55239.323900 127.10657 19.32715
55239.323900 127.27642 19.56156
55239.323900 127.11096 19.57264
55239.323900 127.49308 19.32610
55239.323900 127.11831 19.32798
55239.323900 127.11612 19.32817
55239.323900 127.33390 19.58901
55239.323900 127.10733 19.31209
55239.323900 127.30314 19.31848
55239.323900 127.40680 19.32296
55239.323900 126.93146 19.32171
55239.323900 127.02420 19.35077
55239.323900 127.48428 19.35574
55239.323900 126.96700 19.36266
55239.323900 126.91071 19.36901
55239.323900 126.91745 19.37306
55239.323900 126.96845 19.36974
55239.323900 126.96302 19.38206
55239.323900 126.94655 19.37839
55239.323900 127.26109 19.40106
55239.323900 127.34772 19.46131
55239.323900 127.16801 19.54355
55239.323900 127.00653 19.41671
55239.323900 127.01245 19.43290
55239.323900 127.26929 19.47608
55239.323900 126.96683 19.44237
55239.323900 126.95779 19.44869
55239.323900 127.36121 19.44862
55239.323900 127.33839 19.45772
55239.323900 127.29029 19.46957
55239.323900 127.33872 19.48532
55239.323900 127.45732 19.53117
55239.323900 126.88638 19.53291
55239.335490 127.43439 20.38029
55239.335490 127.22069 20.37742
55239.335490 127.13699 20.37631
55239.335490 127.34365 20.37987
55239.335490 126.92300 20.37408
55239.335490 127.16653 20.37769
55239.335490 126.96054 20.37458
55239.335490 127.36481 20.37657
55239.335490 127.36496 20.37429
55239.335490 127.44685 20.36408
55239.335490 127.29086 20.36052
55239.335490 126.90421 20.34496
55239.335490 127.26615 20.34279
55239.335490 126.97261 20.32673
55239.335490 127.25573 20.31563
55239.335490 127.46511 20.32499
55239.335490 127.25500 20.30903
55239.335490 127.26682 20.27262
55239.335490 127.40231 20.28780
55239.335490 127.48149 20.26760
55239.335490 127.18617 20.23376
55239.335490 127.12688 20.25964
55239.335490 127.25446 20.23260
55239.335490 127.47081 20.25119
55239.335490 127.46317 20.25082
55239.335490 127.20509 20.19359
55239.335490 127.43767 20.18551
55239.335490 127.43623 20.19140
55239.335490 126.99559 20.18522
55239.335490 126.92342 20.18239
55239.335490 126.91481 20.16716
55239.335490 127.27017 20.16682
55239.335490 126.92370 20.17087
55239.335490 126.92366 20.16379
55239.335490 127.05279 20.16316
55239.335490 126.92503 20.15664
55239.335490 127.42931 20.16015
55239.335490 127.05198 20.13758
55239.335490 127.40875 20.15192
55239.335490 127.34031 20.14008
55239.335490 127.06838 20.13364
55239.335490 127.22485 20.13683
55239.335490 127.08113 20.11950
55239.335490 127.36307 20.10426
55239.335490 126.92488 20.09228
55239.335490 127.01681 20.06017
55239.335490 127.27697 20.04580
55239.335490 127.33401 20.04796
55239.335490 127.43435 20.02683
55239.335490 127.38738 20.02610
55239.335490 127.42838 20.02565
55239.335490 126.96099 20.01680
55239.335490 126.93134 19.98977
55239.335490 127.48511 19.99205
55239.335490 127.09835 19.97424
55239.335490 127.04106 19.97285
55239.335490 127.02689 19.95554
55239.335490 126.94981 19.95450
55239.335490 127.07206 19.95634
55239.335490 127.36230 19.92280
55239.335490 127.03160 19.92917
55239.335490 127.18974 19.92483
55239.335490 127.04114 19.91659
55239.335490 126.90796 19.89109
55239.335490 127.12728 19.89959
55239.335490 127.17918 19.86391
55239.335490 126.92840 19.87114
55239.335490 127.13886 19.86601
55239.335490 127.02173 19.86162
55239.335490 127.13336 19.85758
55239.335490 127.18453 19.84552
55239.335490 127.48722 19.83464
55239.335490 127.37386 19.82608
55239.335490 127.05248 19.81630
55239.335490 127.33081 19.79986
55239.335490 127.47950 19.79988
55239.335490 127.06115 19.78134
55239.335490 126.94530 19.76714
55239.335490 127.23781 19.75539
55239.335490 127.15620 19.74172
55239.335490 127.20590 19.74281
55239.335490 127.19324 19.70234
55239.335490 126.87943 19.70764
55239.335490 126.93144 19.70363
55239.335490 126.93150 19.69119
55239.335490 127.19586 19.65566
55239.335490 127.19916 19.65633
55239.335490 127.29054 19.66052
55239.335490 126.93236 19.63778
55239.335490 126.89340 19.63176
55239.335490 127.19957 19.62514
55239.335490 127.19782 19.62751
55239.335490 127.10703 19.62064
55239.335490 126.99644 19.59535
55239.335490 127.09327 19.60963
55239.335490 127.37102 19.61245
55239.335490 127.08572 19.59648
55239.335490 127.42290 19.23257
55239.335490 127.39872 19.23214
55239.335490 127.24639 19.23021
55239.335490 127.23560 19.22984
55239.335490 127.15931 19.22888
55239.335490 127.11116 19.22831
55239.335490 126.91018 19.22503
55239.335490 127.19387 19.22932
55239.335490 126.90299 19.22799
55239.335490 126.89665 19.23155
55239.335490 127.36570 19.24811
55239.335490 127.45131 19.28205
55239.335490 127.10739 19.29223
55239.335490 126.89998 19.29381
55239.335490 126.91801 19.29643
55239.335490 126.90424 19.29803
55239.335490 127.10537 19.30633
55239.335490 127.10657 19.32710
55239.335490 126.96343 19.36506
55239.335490 126.98773 19.36894
55239.335490 126.96313 19.38203
55239.335490 127.26110 19.40105
55239.335490 127.11097 19.57266
55239.335490 127.33215 19.57175
55239.335490 127.10712 19.31213
55239.335490 127.11828 19.32798
55239.335490 126.93147 19.32168
55239.335490 127.29030 19.46957
55239.335490 127.33669 19.34494
55239.335490 127.34766 19.34087
55239.335490 126.96843 19.36974
55239.335490 127.38949 19.35039
55239.335490 126.96699 19.36262
55239.335490 127.02419 19.35077
55239.335490 127.28696 19.38287
55239.335490 127.00662 19.41677
55239.335490 127.01246 19.43286
55239.335490 127.35879 19.44873
55239.335490 127.33839 19.45772
55239.335490 126.89407 19.44025
55239.335490 127.16734 19.45868
55239.335490 127.27644 19.56158
55239.335490 126.88638 19.53287
55239.335490 127.35730 19.53095
55239.335490 127.33608 19.48483
55239.335490 127.26925 19.47611
55239.335490 127.22653 19.48349
55239.335490 126.93438 19.52029
55239.335490 127.35942 19.52486
55239.335490 127.27807 19.53991
55239.335490 127.16800 19.54355
55239.335490 127.45514 19.53171
55239.347110 127.43438 20.38026
55239.347110 127.22065 20.37731
55239.347110 127.13704 20.37630
55239.347110 127.34361 20.37978
55239.347110 126.92303 20.37374
55239.347110 127.46201 20.32500
55239.347110 127.25569 20.31563
55239.347110 127.39936 20.28870
55239.347110 127.26678 20.27262
55239.347110 127.48077 20.26764
55239.347110 127.18615 20.23375
55239.347110 127.25445 20.23260
55239.347110 126.94881 20.21162
55239.347110 126.94153 20.19914
55239.347110 127.20508 20.19359
55239.347110 127.43766 20.18551
55239.347110 127.43612 20.19147
55239.347110 126.91478 20.16715
55239.347110 127.40126 20.17743
55239.347110 127.27016 20.16682
55239.347110 126.92292 20.17086
55239.347110 126.92305 20.16387
55239.347110 126.98480 20.16252
55239.347110 127.42639 20.16026
55239.347110 127.05198 20.13756
55239.347110 126.92401 20.13514
55239.347110 127.33423 20.12766
55239.347110 127.44896 20.10664
55239.347110 127.01680 20.06018
55239.347110 127.27706 20.04582
55239.347110 127.35440 20.00811
55239.347110 126.87406 19.99933
55239.347110 126.93979 19.99139
55239.347110 127.02548 19.98821
55239.347110 127.17501 19.98499
55239.347110 127.09834 19.97423
55239.347110 127.07417 19.95567
55239.347110 127.02981 19.95540
55239.347110 126.92718 19.95372
55239.347110 126.98677 19.94186
55239.347110 127.36226 19.92278
55239.347110 127.28431 19.93004
55239.347110 127.04117 19.91659
55239.347110 126.90795 19.89108
55239.347110 127.47627 19.89840
55239.347110 127.17918 19.86389
55239.347110 127.13650 19.86671
55239.347110 127.37101 19.86974
55239.347110 127.01927 19.86277
55239.347110 126.92281 19.86077
55239.347110 126.99712 19.85975
55239.347110 127.13106 19.85814
55239.347110 127.43223 19.84303
55239.347110 127.37155 19.82735
55239.347110 127.02061 19.80594
55239.347110 126.92893 19.80144
55239.347110 127.47123 19.80842
55239.347110 127.13791 19.77876
55239.347110 127.26227 19.75475
55239.347110 127.15619 19.74175
55239.347110 127.20589 19.74281
55239.347110 127.37167 19.73769
55239.347110 127.19324 19.70226
55239.347110 126.93022 19.71826
55239.347110 126.87939 19.70763
55239.347110 127.19585 19.65566
55239.347110 127.19916 19.65633
55239.347110 127.28777 19.66102
55239.347110 126.89089 19.63259
55239.347110 127.19956 19.62502
55239.347110 127.10466 19.62104
55239.347110 126.93210 19.61737
55239.347110 126.99649 19.59528
55239.347110 127.36843 19.61324
55239.347110 127.27573 19.61007
55239.347110 126.99195 19.59618
55239.347110 127.17016 19.59744
55239.347110 127.42086 19.23208
55239.347110 127.39416 19.23167
55239.347110 127.35378 19.23112
55239.347110 127.35203 19.23108
55239.347110 127.34462 19.23101
55239.347110 127.26920 19.22998
55239.347110 127.24561 19.22992
55239.347110 127.20052 19.22907
55239.347110 127.15056 19.22845
55239.347110 127.04929 19.22674
55239.347110 126.96785 19.22560
55239.347110 127.22026 19.22949
55239.347110 127.15897 19.22860
55239.347110 127.12144 19.22816
55239.347110 127.37396 19.23220
55239.347110 126.90398 19.22675
55239.347110 126.89664 19.23092
55239.347110 127.36574 19.24805
55239.347110 127.46924 19.25408
55239.347110 127.15938 19.25419
55239.347110 127.44296 19.27006
55239.347110 127.23586 19.27072
55239.347110 127.05727 19.27014
55239.347110 127.06125 19.27216
55239.347110 127.27637 19.28573
55239.347110 127.05643 19.28450
55239.347110 127.10735 19.29216
55239.347110 126.89995 19.29378
55239.347110 126.91798 19.29642
55239.347110 127.16360 19.31075
55239.347110 127.26106 19.40105
55239.347110 127.10819 19.32123
55239.347110 127.11095 19.57267
55239.347110 127.37274 19.39004
55239.347110 126.93143 19.32172
55239.347110 127.10368 19.58483
55239.347110 127.02420 19.35080
55239.347110 127.10657 19.32711
55239.347110 127.49158 19.33893
55239.347110 127.49328 19.32622
55239.347110 126.98942 19.34017
55239.347110 126.96844 19.36973
55239.347110 126.96700 19.36262
55239.347110 126.97937 19.47380
55239.347110 127.14123 19.39187
55239.347110 126.93492 19.37990
55239.347110 127.16799 19.54351
55239.347110 126.93121 19.38231
55239.347110 127.26394 19.40307
55239.347110 127.26139 19.40487
55239.347110 126.91901 19.53998
55239.347110 127.29029 19.46957
55239.347110 126.88637 19.53288
55239.347110 127.01244 19.43289
55239.347110 127.33839 19.45771
55239.347110 127.19925 19.54617
55239.347110 127.45297 19.53211
55239.347110 127.20736 19.52107
55239.347110 127.17749 19.50909
55239.347110 126.95177 19.50289
55239.347110 127.24458 19.50137
55239.347110 126.93146 19.49689
55239.358820 127.43441 20.38014
55239.358820 127.22064 20.37740
55239.358820 127.13700 20.37632
55239.358820 127.25567 20.31564
55239.358820 127.45888 20.32497
55239.358820 127.09393 20.28613
55239.358820 127.26677 20.27262
55239.358820 127.07479 20.26424
55239.358820 127.18613 20.23375
55239.358820 127.25442 20.23259
55239.358820 127.11088 20.23196
55239.358820 127.20505 20.19359
55239.358820 127.43764 20.18550
55239.358820 127.21737 20.18199
55239.358820 126.90252 20.17529
55239.358820 126.91479 20.16715
55239.358820 127.27014 20.16682
55239.358820 126.92254 20.16522
55239.358820 127.42347 20.16034
55239.358820 127.05195 20.13757
55239.358820 127.01678 20.06017
55239.358820 127.35762 20.07022
55239.358820 127.27117 20.04756
55239.358820 126.92448 20.04517
55239.358820 127.16510 20.02085
55239.358820 126.97526 20.00403
55239.358820 126.87398 19.99938
55239.358820 127.09832 19.97423
55239.358820 127.40111 19.97169
55239.358820 127.00987 19.96175
55239.358820 127.04217 19.95503
55239.358820 126.97444 19.95409
55239.358820 127.05904 19.95566
55239.358820 126.97946 19.95383
55239.358820 127.36224 19.92277
55239.358820 126.90793 19.89108
55239.358820 127.05601 19.89560
55239.358820 127.17915 19.86389
55239.358820 127.13418 19.86740
55239.358820 127.26185 19.86073
55239.358820 127.25826 19.85701
55239.358820 127.36915 19.82863
55239.358820 127.12062 19.81240
55239.358820 127.17860 19.75837
55239.358820 127.15616 19.74175
55239.358820 127.20592 19.74282
55239.358820 127.17762 19.72662
55239.358820 126.87939 19.70763
55239.358820 127.19322 19.70228
55239.358820 126.93020 19.70042
55239.358820 127.20868 19.70150
55239.358820 127.19582 19.65563
55239.358820 127.19916 19.65634
55239.358820 127.27549 19.65888
55239.358820 126.94087 19.64375
55239.358820 126.95971 19.62862
55239.358820 127.10217 19.62156
55239.358820 126.93170 19.61863
55239.358820 126.99652 19.59525
55239.358820 127.47110 19.23243
55239.358820 127.48767 19.23242
55239.358820 127.43763 19.23198
55239.358820 127.28550 19.23007
55239.358820 127.23433 19.22934
55239.358820 127.19245 19.22876
55239.358820 127.14696 19.22812
55239.358820 127.02254 19.22626
55239.358820 127.01340 19.22603
55239.358820 127.00830 19.22600
55239.358820 126.93580 19.22490
55239.358820 126.92334 19.22486
55239.358820 127.36588 19.23123
55239.358820 127.38682 19.23136
55239.358820 126.98697 19.23692
55239.358820 127.37260 19.28727
55239.358820 126.89992 19.29386
55239.358820 126.91795 19.29647
55239.358820 126.93237 19.56941
55239.358820 127.11094 19.57267
55239.358820 127.10655 19.32710
55239.358820 127.10821 19.32118
55239.358820 127.09054 19.33891
55239.358820 126.93616 19.34317
55239.358820 126.96697 19.36258
55239.358820 127.48139 19.40053
55239.358820 127.26391 19.40295
55239.358820 126.88847 19.40811
55239.358820 127.00653 19.41677
55239.358820 127.16796 19.54350
55239.358820 127.01240 19.43285
55239.358820 127.29030 19.46958
55239.358820 127.33836 19.45770
55239.358820 126.93425 19.45723
55239.358820 127.44137 19.49613
55239.358820 127.31433 19.51037
55239.358820 127.26104 19.40105
55239.358820 126.88635 19.53289
55239.370590 127.43454 20.38029
55239.370590 127.36472 20.37566
55239.370590 127.22068 20.37747
55239.370590 127.13700 20.37635
55239.370590 127.34363 20.37973
55239.370590 126.92306 20.37326
55239.370590 126.90425 20.34492
55239.370590 127.26626 20.34271
55239.370590 126.92037 20.33627
55239.370590 127.25571 20.31564
55239.370590 127.45575 20.32498
55239.370590 127.25489 20.30900
55239.370590 127.39357 20.29036
55239.370590 127.26680 20.27261
55239.370590 127.18613 20.23373
55239.370590 127.48087 20.26758
55239.370590 127.02770 20.25300
55239.370590 126.92177 20.24701
55239.370590 126.93468 20.24596
55239.370590 127.45413 20.25176
55239.370590 127.25444 20.23258
55239.370590 127.22955 20.24572
55239.370590 126.99813 20.21446
55239.370590 127.20507 20.19358
55239.370590 127.25003 20.20552
55239.370590 127.43764 20.18549
55239.370590 126.93303 20.19528
55239.370590 127.20766 20.19008
55239.370590 127.43624 20.19140
55239.370590 126.91479 20.16715
55239.370590 126.94288 20.17636
55239.370590 127.27016 20.16682
55239.370590 127.42050 20.16043
55239.370590 127.05197 20.13757
55239.370590 127.11529 20.15215
55239.370590 127.46037 20.13834
55239.370590 127.34373 20.09909
55239.370590 127.46963 20.09346
55239.370590 127.27117 20.04757
55239.370590 127.01679 20.06018
55239.370590 127.42015 20.07236
55239.370590 127.27699 20.04575
55239.370590 127.13188 20.04348
55239.370590 126.87403 19.99933
55239.370590 127.22115 20.00187
55239.370590 127.48450 19.99202
55239.370590 127.09834 19.97423
55239.370590 126.90443 19.97384
55239.370590 127.34923 19.97110
55239.370590 126.92499 19.95329
55239.370590 127.36226 19.92278
55239.370590 126.90794 19.89109
55239.370590 127.04114 19.91668
55239.370590 127.12046 19.90118
55239.370590 127.17916 19.86389
55239.370590 126.89248 19.88468
55239.370590 127.13179 19.86813
55239.370590 127.01370 19.86526
55239.370590 127.12644 19.85917
55239.370590 127.15392 19.85031
55239.370590 127.17569 19.84873
55239.370590 127.03291 19.84598
55239.370590 127.09572 19.84526
55239.370590 127.36683 19.82991
55239.370590 127.27353 19.82982
55239.370590 127.27420 19.82450
55239.370590 127.33078 19.79991
55239.370590 127.30217 19.78895
55239.370590 127.42181 19.76554
55239.370590 127.15619 19.74173
55239.370590 127.38433 19.75803
55239.370590 127.20589 19.74282
55239.370590 127.19323 19.70227
55239.370590 126.87979 19.71937
55239.370590 126.87939 19.70763
55239.370590 127.06395 19.69444
55239.370590 126.93085 19.69001
55239.370590 127.15359 19.68261
55239.370590 127.16065 19.68352
55239.370590 127.13611 19.67322
55239.370590 127.19584 19.65562
55239.370590 127.14360 19.66779
55239.370590 127.19916 19.65633
55239.370590 127.28185 19.66194
55239.370590 126.93180 19.63590
55239.370590 127.19086 19.63823
55239.370590 127.35419 19.63285
55239.370590 127.19760 19.62778
55239.370590 127.09984 19.62196
55239.370590 126.99642 19.59532
55239.370590 127.36285 19.61496
55239.370590 127.11369 19.59575
55239.370590 127.49450 19.23260
55239.370590 127.46110 19.23208
55239.370590 127.37675 19.23134
55239.370590 127.35401 19.23077
55239.370590 127.30944 19.23016
55239.370590 127.25154 19.22951
55239.370590 127.24563 19.22971
55239.370590 127.08798 19.22710
55239.370590 127.00832 19.22593
55239.370590 126.92129 19.22461
55239.370590 126.91362 19.22437
55239.370590 127.34422 19.23059
55239.370590 127.32374 19.23032
55239.370590 126.89617 19.23105
55239.370590 127.36567 19.24809
55239.370590 127.27094 19.28212
55239.370590 127.10733 19.29208
55239.370590 126.90000 19.29382
55239.370590 126.91801 19.29643
55239.370590 126.90637 19.29803
55239.370590 127.10536 19.30630
55239.370590 127.31612 19.47941
55239.370590 127.11096 19.57264
55239.370590 127.10406 19.57407
55239.370590 127.21834 19.47359
55239.370590 127.10713 19.31199
55239.370590 126.93146 19.32171
55239.370590 127.49312 19.32612
55239.370590 127.10654 19.32712
55239.370590 127.49346 19.32827
55239.370590 127.33685 19.35106
55239.370590 127.02419 19.35079
55239.370590 126.96698 19.36258
55239.370590 126.96845 19.36975
55239.370590 126.97107 19.37468
55239.370590 126.96308 19.38207
55239.370590 127.23406 19.40074
55239.370590 127.00656 19.41672
55239.370590 127.28164 19.44314
55239.370590 126.99614 19.49709
55239.370590 127.01244 19.43285
55239.370590 127.07212 19.45116
55239.370590 127.33838 19.45770
55239.370590 126.93480 19.45954
55239.370590 126.99233 19.46576
55239.370590 127.26916 19.47619
55239.370590 127.29724 19.49145
55239.370590 127.23988 19.50264
55239.370590 127.27851 19.50985
55239.370590 126.88637 19.53289
55239.370590 127.12216 19.50947
55239.370590 127.26108 19.40104
55239.370590 127.44847 19.53310
55239.370590 127.16798 19.54352
55239.382450 127.31516 20.37839
55239.382450 127.36507 20.37538
55239.382450 127.43444 20.38027
55239.382450 127.22069 20.37741
55239.382450 127.13702 20.37638
55239.382450 127.44691 20.36418
55239.382450 126.90432 20.34489
55239.382450 127.26617 20.34266
55239.382450 126.95958 20.32731
55239.382450 127.25573 20.31564
55239.382450 126.96598 20.31822
55239.382450 127.45259 20.32497
55239.382450 127.40717 20.31910
55239.382450 127.25573 20.31060
55239.382450 127.25488 20.30902
55239.382450 127.40526 20.30578
55239.382450 127.39067 20.29126
55239.382450 127.26682 20.27263
55239.382450 126.92156 20.26956
55239.382450 127.18616 20.23377
55239.382450 127.48122 20.26757
55239.382450 127.12684 20.25963
55239.382450 127.05005 20.25854
55239.382450 127.25446 20.23259
55239.382450 127.45138 20.25197
55239.382450 127.01836 20.23895
55239.382450 127.17001 20.23339
55239.382450 127.19657 20.23397
55239.382450 127.20510 20.19359
55239.382450 127.43766 20.18549
55239.382450 127.25017 20.20552
55239.382450 127.20774 20.19006
55239.382450 127.43626 20.19139
55239.382450 126.91481 20.16716
55239.382450 127.27018 20.16682
55239.382450 127.36417 20.17505
55239.382450 126.92478 20.15676
55239.382450 127.41754 20.16052
55239.382450 127.05199 20.13759
55239.382450 127.31366 20.14548
55239.382450 127.32849 20.14433
55239.382450 126.92389 20.12025
55239.382450 127.16086 20.12161
55239.382450 126.92415 20.09645
55239.382450 127.32837 20.10044
55239.382450 127.16665 20.09002
55239.382450 126.92468 20.08413
55239.382450 127.38828 20.07870
55239.382450 127.01681 20.06018
55239.382450 127.42010 20.07246
55239.382450 126.93341 20.06129
55239.382450 127.41367 20.05539
55239.382450 127.02370 20.04985
55239.382450 127.27693 20.04580
55239.382450 127.28301 20.04168
55239.382450 127.27094 20.02971
55239.382450 127.38740 20.02618
55239.382450 127.20492 20.01021
55239.382450 127.48482 19.99211
55239.382450 127.09836 19.97424
55239.382450 126.88121 19.97483
55239.382450 127.22989 19.98108
55239.382450 126.94765 19.95344
55239.382450 127.36229 19.92279
55239.382450 127.07178 19.93460
55239.382450 126.90795 19.89113
55239.382450 127.00752 19.92406
55239.382450 127.04113 19.91662
55239.382450 127.11830 19.90157
55239.382450 127.32883 19.90180
55239.382450 127.17918 19.86391
55239.382450 127.32898 19.89958
55239.382450 127.33307 19.87963
55239.382450 127.34884 19.88472
55239.382450 127.12937 19.86884
55239.382450 127.01093 19.86642
55239.382450 127.15331 19.86561
55239.382450 127.14891 19.86531
55239.382450 127.42655 19.86335
55239.382450 127.12409 19.85965
55239.382450 127.17919 19.85260
55239.382450 127.17281 19.84970
55239.382450 127.09575 19.84546
55239.382450 127.43631 19.84164
55239.382450 126.96858 19.83084
55239.382450 127.15973 19.83255
55239.382450 127.15420 19.83138
55239.382450 127.36446 19.83121
55239.382450 127.46098 19.82610
55239.382450 127.33073 19.79992
55239.382450 127.40745 19.78829
55239.382450 126.91514 19.76183
55239.382450 127.14428 19.76100
55239.382450 127.15620 19.74175
55239.382450 127.20591 19.74283
55239.382450 127.00498 19.73132
55239.382450 127.19325 19.70230
55239.382450 126.87939 19.70764
55239.382450 127.33201 19.72245
55239.382450 127.23420 19.69715
55239.382450 127.48539 19.70164
55239.382450 127.24335 19.69247
55239.382450 127.46793 19.68567
55239.382450 127.19586 19.65568
55239.382450 127.19916 19.65633
55239.382450 127.27903 19.66242
55239.382450 126.88353 19.63494
55239.382450 127.15358 19.63864
55239.382450 127.38722 19.64023
55239.382450 126.99641 19.59539
55239.382450 127.09750 19.62250
55239.382450 127.35997 19.61578
55239.382450 127.27559 19.61010
55239.382450 127.34027 19.60529
55239.382450 127.08585 19.59652
55239.382450 127.11479 19.59581
55239.382450 127.11004 19.59407
55239.382450 127.37714 19.23088
55239.382450 127.27569 19.22927
55239.382450 127.25156 19.22919
55239.382450 127.22271 19.22863
55239.382450 127.19064 19.22819
55239.382450 127.09160 19.22672
55239.382450 127.06163 19.22633
55239.382450 127.00833 19.22581
55239.382450 127.23867 19.22891
55239.382450 127.13520 19.22747
55239.382450 127.45938 19.23555
55239.382450 127.07262 19.23876
55239.382450 127.36571 19.24807
55239.382450 127.23249 19.24675
55239.382450 127.42480 19.25083
55239.382450 127.39885 19.25584
55239.382450 127.27100 19.28213
55239.382450 127.10742 19.29215
55239.382450 127.04872 19.29555
55239.382450 126.89998 19.29381
55239.382450 126.93327 19.29523
55239.382450 127.23050 19.30035
55239.382450 126.91799 19.29643
55239.382450 126.90916 19.29805
55239.382450 126.90739 19.29854
55239.382450 127.10549 19.30644
55239.382450 127.06665 19.47334
55239.382450 127.06579 19.47776
55239.382450 127.26919 19.47619
55239.382450 127.32828 19.48767
55239.382450 127.26110 19.40105
55239.382450 127.40983 19.42576
55239.382450 127.16355 19.41904
55239.382450 127.40631 19.42517
55239.382450 126.96845 19.36974
55239.382450 127.11097 19.57264
55239.382450 126.92476 19.33005
55239.382450 127.49315 19.32613
55239.382450 127.10656 19.32709
55239.382450 127.11619 19.32814
55239.382450 127.10715 19.31214
55239.382450 127.29029 19.46957
55239.382450 127.49375 19.32811
55239.382450 127.02419 19.35077
55239.382450 126.93148 19.32169
55239.382450 127.11832 19.32797
55239.382450 127.47238 19.34346
55239.382450 127.14335 19.33902
55239.382450 126.99967 19.34582
55239.382450 126.96699 19.36262
55239.382450 127.16783 19.35216
55239.382450 126.96307 19.38209
55239.382450 127.46370 19.41436
55239.382450 127.12890 19.42120
55239.382450 127.00655 19.41672
55239.382450 127.01245 19.43287
55239.382450 127.20996 19.41717
55239.382450 127.30243 19.43311
55239.382450 127.07033 19.45277
55239.382450 126.93532 19.44446
55239.382450 127.33839 19.45772
55239.382450 127.29607 19.44956
55239.382450 127.37875 19.45600
55239.382450 127.06572 19.45965
55239.382450 126.98319 19.55346
55239.382450 127.31610 19.47931
55239.382450 127.32544 19.48287
55239.382450 126.93467 19.48001
55239.382450 127.44626 19.53361
55239.382450 127.23750 19.50330
55239.382450 127.03269 19.49746
55239.382450 127.34793 19.52374
55239.382450 126.91215 19.51244
55239.382450 126.92150 19.55417
55239.382450 127.16799 19.54352
55239.382450 127.34851 19.52483
55239.382450 126.88638 19.53289
55239.394290 127.31510 20.37843
55239.394290 127.43439 20.38031
55239.394290 127.22069 20.37743
55239.394290 127.13699 20.37626
55239.394290 127.14973 20.37336
55239.394290 127.34583 20.37630
55239.394290 127.40897 20.37606
55239.394290 127.36474 20.37532
55239.394290 127.15693 20.36424
55239.394290 127.46781 20.36843
55239.394290 127.22826 20.35409
55239.394290 127.23728 20.32925
55239.394290 127.44946 20.32499
55239.394290 127.25571 20.31565
55239.394290 127.45191 20.30452
55239.394290 127.45482 20.30454
55239.394290 127.26680 20.27263
55239.394290 127.48117 20.26758
55239.394290 127.18614 20.23377
55239.394290 127.12681 20.25969
55239.394290 127.44823 20.25224
55239.394290 127.38376 20.25106
55239.394290 127.25445 20.23261
55239.394290 126.95585 20.21013
55239.394290 127.20509 20.19358
55239.394290 127.43765 20.18552
55239.394290 127.43624 20.19140
55239.394290 126.91479 20.16715
55239.394290 127.40129 20.17744
55239.394290 127.27016 20.16683
55239.394290 127.11083 20.16931
55239.394290 127.27584 20.16427
55239.394290 126.92470 20.15671
55239.394290 126.92353 20.15144
55239.394290 127.05196 20.13757
55239.394290 126.92388 20.12023
55239.394290 126.92406 20.09647
55239.394290 127.01680 20.06019
55239.394290 127.29756 20.06368
55239.394290 127.29599 20.06034
55239.394290 127.28277 20.05478
55239.394290 127.43931 20.05581
55239.394290 127.27693 20.04574
55239.394290 127.38740 20.02604
55239.394290 126.87414 19.99930
55239.394290 127.48477 19.99215
55239.394290 127.09834 19.97423
55239.394290 126.96466 19.95345
55239.394290 127.01220 19.95399
55239.394290 127.48470 19.95975
55239.394290 127.44223 19.95023
55239.394290 127.36228 19.92279
55239.394290 126.97877 19.92745
55239.394290 127.04108 19.91661
55239.394290 126.90795 19.89110
55239.394290 127.17916 19.86388
55239.394290 127.25020 19.87425
55239.394290 127.12701 19.86954
55239.394290 127.00815 19.86763
55239.394290 127.12174 19.86028
55239.394290 126.92837 19.85618
55239.394290 127.07531 19.84268
55239.394290 126.92890 19.82352
55239.394290 126.87954 19.81599
55239.394290 127.06821 19.77715
55239.394290 127.15618 19.74172
55239.394290 127.20591 19.74282
55239.394290 127.41289 19.74273
55239.394290 126.93034 19.73445
55239.394290 127.39052 19.73850
55239.394290 127.05464 19.73141
55239.394290 126.91945 19.71694
55239.394290 127.19323 19.70229
55239.394290 126.87940 19.70764
55239.394290 126.93099 19.69781
55239.394290 127.19584 19.65565
55239.394290 127.27624 19.66296
55239.394290 127.19916 19.65633
55239.394290 126.88104 19.63572
55239.394290 127.19958 19.62491
55239.394290 126.93206 19.62878
55239.394290 127.09509 19.62290
55239.394290 127.01398 19.61199
55239.394290 126.99646 19.59532
55239.394290 126.99185 19.59621
55239.394290 127.47535 19.23184
55239.394290 127.43367 19.23127
55239.394290 127.37702 19.23087
55239.394290 127.35416 19.23024
55239.394290 127.32779 19.22994
55239.394290 127.28219 19.22925
55239.394290 127.25166 19.22918
55239.394290 127.24612 19.22900
55239.394290 127.13989 19.22737
55239.394290 127.05795 19.22603
55239.394290 127.40137 19.23083
55239.394290 127.19339 19.22807
55239.394290 127.06975 19.22621
55239.394290 127.00832 19.22601
55239.394290 126.99705 19.22514
55239.394290 126.93799 19.23231
55239.394290 127.36572 19.24808
55239.394290 127.07554 19.28668
55239.394290 127.03716 19.28660
55239.394290 127.04034 19.29010
55239.394290 127.10738 19.29219
55239.394290 126.89999 19.29383
55239.394290 126.91800 19.29644
55239.394290 127.10536 19.30635
55239.394290 127.05834 19.32318
55239.394290 126.96716 19.56377
55239.394290 127.08674 19.34334
55239.394290 127.11095 19.57266
55239.394290 126.90698 19.35831
55239.394290 127.49372 19.32822
55239.394290 126.96699 19.36260
55239.394290 127.25812 19.31626
55239.394290 127.10739 19.31203
55239.394290 127.10656 19.32712
55239.394290 126.89594 19.33118
55239.394290 126.93149 19.32167
55239.394290 127.49323 19.32623
55239.394290 127.10819 19.32124
55239.394290 126.92719 19.34064
55239.394290 127.18240 19.34525
55239.394290 127.31540 19.36623
55239.394290 126.96844 19.36974
55239.394290 127.26107 19.40105
55239.394290 127.13503 19.41374
55239.394290 127.36083 19.43420
55239.394290 127.07032 19.45308
55239.394290 127.33838 19.45770
55239.394290 127.26926 19.47614
55239.394290 127.01242 19.43288
55239.394290 127.32283 19.48242
55239.394290 127.22644 19.48349
55239.394290 127.23513 19.50392
55239.394290 127.29031 19.46957
55239.394290 126.88638 19.53289
55239.394290 127.16798 19.54352
55239.394290 127.47150 19.55294
55239.394290 127.14443 19.53301
55239.394290 127.44404 19.53412
55239.406180 127.43440 20.38028
55239.406180 127.36487 20.37480
55239.406180 127.31527 20.37010
55239.406180 126.90425 20.34482
55239.406180 127.25572 20.31565
55239.406180 127.44631 20.32496
55239.406180 127.46435 20.29480
55239.406180 127.38492 20.29300
55239.406180 127.26680 20.27263
55239.406180 127.48121 20.26758
55239.406180 127.18614 20.23376
55239.406180 127.25445 20.23260
55239.406180 127.06372 20.23697
55239.406180 127.20509 20.19361
55239.406180 127.43765 20.18550
55239.406180 127.43622 20.19139
55239.406180 126.91479 20.16715
55239.406180 127.27016 20.16684
55239.406180 127.05520 20.17445
55239.406180 127.40127 20.17741
55239.406180 126.92470 20.15672
55239.406180 127.41162 20.16071
55239.406180 127.05196 20.13758
55239.406180 127.32249 20.14655
55239.406180 126.92387 20.12024
55239.406180 126.94039 20.12415
55239.406180 127.34553 20.11793
55239.406180 126.92420 20.10202
55239.406180 127.22043 20.09220
55239.406180 127.31806 20.08808
55239.406180 127.01680 20.06020
55239.406180 127.11743 20.06264
55239.406180 127.22520 20.04994
55239.406180 127.27693 20.04578
55239.406180 127.38742 20.02614
55239.406180 127.04256 20.00653
55239.406180 127.35453 20.00813
55239.406180 126.87413 19.99934
55239.406180 127.48480 19.99202
55239.406180 127.09834 19.97423
55239.406180 126.89829 19.96085
55239.406180 127.03559 19.95445
55239.406180 126.97294 19.95326
55239.406180 127.03052 19.95427
55239.406180 126.97822 19.95322
55239.406180 127.07187 19.95332
55239.406180 127.02558 19.93217
55239.406180 127.36228 19.92279
55239.406180 127.04113 19.91663
55239.406180 126.90795 19.89110
55239.406180 127.11362 19.90263
55239.406180 126.92781 19.89210
55239.406180 127.17916 19.86387
55239.406180 127.12464 19.87024
55239.406180 127.00552 19.86882
55239.406180 127.05695 19.86682
55239.406180 127.11948 19.86075
55239.406180 127.16699 19.85179
55239.406180 127.35974 19.83377
55239.406180 127.08964 19.80414
55239.406180 127.33068 19.79993
55239.406180 127.03407 19.76592
55239.406180 127.29025 19.76181
55239.406180 127.15618 19.74175
55239.406180 127.20591 19.74284
55239.406180 127.18849 19.73128
55239.406180 127.41571 19.72976
55239.406180 127.47572 19.72691
55239.406180 127.19323 19.70228
55239.406180 127.48708 19.72425
55239.406180 126.87941 19.70764
55239.406180 126.91629 19.70319
55239.406180 127.39284 19.70195
55239.406180 127.32896 19.68617
55239.406180 127.19584 19.65563
55239.406180 127.19916 19.65633
55239.406180 127.27321 19.66337
55239.406180 127.45328 19.66536
55239.406180 127.45382 19.65692
55239.406180 127.45883 19.65729
55239.406180 126.93201 19.62961
55239.406180 127.19764 19.62796
55239.406180 127.09272 19.62337
55239.406180 127.03536 19.61560
55239.406180 127.02586 19.61490
55239.406180 127.35437 19.61759
55239.406180 126.99644 19.59534
55239.406180 127.27558 19.61007
55239.406180 127.46811 19.60455
55239.406180 127.05724 19.59631
55239.406180 126.93273 19.59362
55239.406180 126.98774 19.59179
55239.406180 127.48321 19.23172
55239.406180 127.12849 19.22665
55239.406180 127.04688 19.22554
55239.406180 127.00831 19.22615
55239.406180 127.29113 19.22899
55239.406180 127.03327 19.22531
55239.406180 127.25736 19.23717
55239.406180 127.36572 19.24802
55239.406180 127.23250 19.24678
55239.406180 127.27099 19.28206
55239.406180 127.07322 19.28773
55239.406180 127.10739 19.29221
55239.406180 126.89998 19.29382
55239.406180 126.91798 19.29643
55239.406180 127.28513 19.30452
55239.406180 127.10543 19.30626
55239.406180 127.42905 19.39125
55239.406180 127.26142 19.40482
55239.406180 127.16738 19.41804
55239.406180 127.11096 19.57264
55239.406180 127.47370 19.37017
55239.406180 126.97944 19.57675
55239.406180 127.10670 19.33855
55239.406180 127.10712 19.31190
55239.406180 126.93147 19.32171
55239.406180 126.93734 19.31830
55239.406180 127.10655 19.32711
55239.406180 126.93742 19.31310
55239.406180 127.31619 19.47944
55239.406180 127.49372 19.32818
55239.406180 127.02420 19.35079
55239.406180 127.26920 19.47612
55239.406180 126.97131 19.37418
55239.406180 126.96844 19.36977
55239.406180 127.18433 19.37753
55239.406180 127.28130 19.46960
55239.406180 126.96306 19.38212
55239.406180 127.26108 19.40105
55239.406180 127.16799 19.54351
55239.406180 127.12884 19.42115
55239.406180 127.00655 19.41671
55239.406180 127.01243 19.43290
55239.406180 127.44181 19.53460
55239.406180 127.19758 19.42467
55239.406180 127.33839 19.45773
55239.406180 127.06603 19.47264
55239.406180 127.06980 19.45281
55239.406180 127.29031 19.46957
55239.406180 127.23279 19.50454
55239.406180 127.14799 19.49450
55239.406180 126.96365 19.36502
55239.406180 127.16356 19.49043
55239.406180 126.96699 19.36261
55239.406180 127.34782 19.52383
55239.406180 127.18116 19.52052
55239.406180 126.93360 19.54169
55239.406180 127.18473 19.53477
55239.406180 126.88639 19.53290
55239.418120 127.43444 20.38007
55239.418120 127.31990 20.33845
55239.418120 127.25569 20.31565
55239.418120 127.44315 20.32496
55239.418120 126.92078 20.31260
55239.418120 127.27930 20.31010
55239.418120 127.26954 20.28628
55239.418120 127.26678 20.27262
55239.418120 127.20319 20.27780
55239.418120 126.92144 20.27277
55239.418120 127.27471 20.27551
55239.418120 127.48104 20.26759
55239.418120 127.18613 20.23380
55239.418120 127.25444 20.23260
55239.418120 127.01839 20.23897
55239.418120 127.26258 20.22642
55239.418120 127.03012 20.21927
55239.418120 126.99505 20.20604
55239.418120 127.00526 20.20395
55239.418120 127.20507 20.19360
55239.418120 127.43765 20.18552
55239.418120 127.43623 20.19138
55239.418120 127.04182 20.18047
55239.418120 126.91479 20.16717
55239.418120 127.27016 20.16683
55239.418120 126.98434 20.16375
55239.418120 127.40863 20.16078
55239.418120 127.05198 20.13759
55239.418120 126.92405 20.09652
55239.418120 127.38835 20.07882
55239.418120 127.01679 20.06018
55239.418120 127.27116 20.04755
55239.418120 127.00232 20.04867
55239.418120 127.05576 20.04779
55239.418120 127.27689 20.04582
55239.418120 127.38740 20.02613
55239.418120 127.47430 20.01120
55239.418120 126.87403 19.99934
55239.418120 127.48457 19.99189
55239.418120 127.09834 19.97424
55239.418120 127.47121 19.98476
55239.418120 127.34174 19.96241
55239.418120 126.88428 19.95332
55239.418120 127.03792 19.93662
55239.418120 127.02559 19.93223
55239.418120 127.39424 19.93314
55239.418120 127.36226 19.92281
55239.418120 127.04110 19.91662
55239.418120 126.90793 19.89109
55239.418120 127.17916 19.86391
55239.418120 127.12221 19.87092
55239.418120 127.00276 19.87003
55239.418120 127.11712 19.86130
55239.418120 127.16412 19.85293
55239.418120 127.35737 19.83510
55239.418120 127.21811 19.83096
55239.418120 127.15619 19.74175
55239.418120 127.20591 19.74283
55239.418120 126.93027 19.73133
55239.418120 127.32857 19.72427
55239.418120 127.19323 19.70229
55239.418120 126.87939 19.70762
55239.418120 127.12096 19.69520
55239.418120 127.19586 19.65565
55239.418120 127.27022 19.66391
55239.418120 127.19916 19.65633
55239.418120 126.90804 19.64355
55239.418120 127.28754 19.63241
55239.418120 127.19988 19.62527
55239.418120 127.09036 19.62387
55239.418120 127.35164 19.61836
55239.418120 126.99643 19.59532
55239.418120 126.93227 19.60645
55239.418120 127.27556 19.61009
55239.418120 126.99183 19.59617
55239.418120 127.36884 19.22990
55239.418120 127.36453 19.22985
55239.418120 127.31306 19.22899
55239.418120 127.24591 19.22815
55239.418120 127.04946 19.22513
55239.418120 127.03834 19.22502
55239.418120 127.00831 19.22620
55239.418120 127.47506 19.23113
55239.418120 127.20442 19.22750
55239.418120 127.11029 19.22641
55239.418120 127.29975 19.22984
55239.418120 127.18524 19.22991
55239.418120 126.93242 19.23407
55239.418120 127.36578 19.24810
55239.418120 127.37609 19.25878
55239.418120 127.41593 19.27405
55239.418120 126.90646 19.28201
55239.418120 127.10740 19.29213
55239.418120 126.89997 19.29378
55239.418120 126.91797 19.29643
55239.418120 126.90012 19.29830
55239.418120 127.10517 19.30645
55239.418120 126.96697 19.36261
55239.418120 127.15653 19.57065
55239.418120 127.11096 19.57267
55239.418120 126.93149 19.32168
55239.418120 127.16700 19.32852
55239.418120 126.92031 19.31580
55239.418120 127.49356 19.32806
55239.418120 127.49316 19.32621
55239.418120 127.10653 19.32714
55239.418120 127.02418 19.35076
55239.418120 126.96302 19.38205
55239.418120 127.29030 19.46956
55239.418120 127.26109 19.40105
55239.418120 127.26140 19.40493
55239.418120 127.26388 19.40308
55239.418120 126.93343 19.54096
55239.418120 126.96843 19.36978
55239.418120 127.16797 19.54355
55239.418120 127.01242 19.43286
55239.418120 127.34261 19.44929
55239.418120 127.06961 19.45135
55239.418120 127.33837 19.45772
55239.418120 126.93474 19.45922
55239.418120 127.06481 19.47087
55239.418120 127.22653 19.48343
55239.418120 127.23049 19.50520
55239.418120 127.10879 19.51642
55239.418120 126.89516 19.51077
55239.418120 127.03678 19.54135
55239.418120 127.43963 19.53506
55239.418120 127.00638 19.51814
55239.418120 126.88637 19.53287
55239.430120 127.43351 20.32954
55239.430120 127.25569 20.31564
55239.430120 126.91073 20.29604
55239.430120 126.91010 20.29382
55239.430120 127.26678 20.27263
55239.430120 127.48151 20.26755
55239.430120 127.18612 20.23376
55239.430120 127.11617 20.24610
55239.430120 127.11651 20.24498
55239.430120 126.92394 20.24265
55239.430120 127.25444 20.23259
55239.430120 126.92228 20.23286
55239.430120 126.92278 20.21245
55239.430120 127.43765 20.18551
55239.430120 127.20506 20.19359
55239.430120 126.89824 20.19706
55239.430120 126.91479 20.16715
55239.430120 127.40129 20.17731
55239.430120 127.27016 20.16683
55239.430120 127.00466 20.16816
55239.430120 127.40568 20.16088
55239.430120 127.05196 20.13758
55239.430120 126.92402 20.12025
55239.430120 127.44049 20.08888
55239.430120 126.91446 20.08055
55239.430120 127.18935 20.07764
55239.430120 127.01678 20.06018
55239.430120 127.27116 20.04755
55239.430120 127.27705 20.04580
55239.430120 127.19371 20.02131
55239.430120 126.92600 20.01340
55239.430120 127.35457 20.00815
55239.430120 127.48510 19.99211
55239.430120 127.09834 19.97422
55239.430120 127.01302 19.95332
55239.430120 127.36226 19.92279
55239.430120 127.28430 19.92996
55239.430120 126.90793 19.89110
55239.430120 126.92798 19.88517
55239.430120 127.17914 19.86386
55239.430120 126.94137 19.87544
55239.430120 127.11985 19.87166
55239.430120 127.11474 19.86192
55239.430120 126.92861 19.85536
55239.430120 127.14325 19.85758
55239.430120 127.16113 19.85408
55239.430120 127.31533 19.83759
55239.430120 127.35502 19.83637
55239.430120 127.22136 19.82025
55239.430120 126.92756 19.80919
55239.430120 126.92945 19.80241
55239.430120 127.15617 19.74172
55239.430120 127.20591 19.74280
55239.430120 126.99656 19.73869
55239.430120 127.32414 19.72578
55239.430120 127.19322 19.70226
55239.430120 126.87937 19.70762
55239.430120 126.93118 19.70225
55239.430120 127.19816 19.69666
55239.430120 127.21263 19.68502
55239.430120 127.47695 19.67680
55239.430120 127.19584 19.65563
55239.430120 127.19916 19.65633
55239.430120 127.47469 19.66663
55239.430120 127.26737 19.66425
55239.430120 127.08800 19.62417
55239.430120 126.99649 19.59528
55239.430120 126.99203 19.59620
55239.430120 127.00830 19.22624
55239.430120 127.39093 19.22975
55239.430120 127.15803 19.22668
55239.430120 127.29986 19.22954
55239.430120 127.38518 19.29388
55239.430120 126.89999 19.29384
55239.430120 126.89451 19.29502
55239.430120 126.91799 19.29646
55239.430120 127.36086 19.30392
55239.430120 127.18019 19.38240
55239.430120 127.07164 19.56880
55239.430120 127.11094 19.57267
55239.430120 126.90033 19.30795
55239.430120 126.93151 19.32166
55239.430120 127.10653 19.32711
55239.430120 127.37741 19.31933
55239.430120 127.10814 19.32120
55239.430120 127.49396 19.32814
55239.430120 127.02413 19.35077
55239.430120 127.21861 19.34904
55239.430120 127.26135 19.40489
55239.430120 126.96697 19.36259
55239.430120 126.96850 19.36973
55239.430120 126.99733 19.43442
55239.430120 127.13501 19.41395
55239.430120 127.35912 19.40453
55239.430120 127.26106 19.40104
55239.430120 127.26385 19.40306
55239.430120 127.18819 19.41061
55239.430120 127.09671 19.42023
55239.430120 126.93580 19.41848
55239.430120 127.43733 19.53561
55239.430120 126.93563 19.42739
55239.430120 127.01243 19.43286
55239.430120 127.29029 19.46956
55239.430120 127.33837 19.45770
55239.430120 126.88790 19.45377
55239.430120 127.09459 19.42217
55239.430120 127.01884 19.53427
55239.430120 127.22812 19.50585
55239.430120 127.47156 19.49988
55239.430120 126.88636 19.53288
55239.430120 127.16797 19.54353
55239.442150 127.00483 20.37229
55239.442150 126.99768 20.35463
55239.442150 126.92070 20.34234
55239.442150 127.25568 20.31563
55239.442150 127.43685 20.32494
55239.442150 127.44784 20.29398
55239.442150 127.26676 20.27262
55239.442150 127.48157 20.26760
55239.442150 127.09444 20.25490
55239.442150 127.18611 20.23374
55239.442150 127.25441 20.23258
55239.442150 127.20504 20.19358
55239.442150 126.92299 20.19423
55239.442150 126.92088 20.19178
55239.442150 127.43763 20.18550
55239.442150 126.91479 20.16716
55239.442150 127.27014 20.16682
55239.442150 126.92366 20.15767
55239.442150 127.40268 20.16096
55239.442150 127.05195 20.13757
55239.442150 126.92403 20.12025
55239.442150 126.92490 20.07207
55239.442150 127.01678 20.06017
55239.442150 127.27113 20.04755
55239.442150 126.99879 20.00992
55239.442150 127.48513 19.99203
55239.442150 127.09832 19.97422
55239.442150 127.01746 19.95289
55239.442150 127.03623 19.95050
55239.442150 127.36223 19.92279
55239.442150 126.90792 19.89110
55239.442150 127.17914 19.86388
55239.442150 127.11741 19.87236
55239.442150 127.22623 19.85609
55239.442150 127.35265 19.83770
55239.442150 127.25032 19.78393
55239.442150 127.15617 19.74173
55239.442150 127.20588 19.74284
55239.442150 126.93085 19.71637
55239.442150 126.87938 19.70763
55239.442150 127.19320 19.70227
55239.442150 127.19582 19.65565
55239.442150 127.19916 19.65633
55239.442150 127.09627 19.65725
55239.442150 127.23786 19.64161
55239.442150 126.99650 19.59526
55239.442150 126.99193 19.59617
55239.442150 127.40631 19.22955
55239.442150 127.36442 19.22912
55239.442150 127.30377 19.22820
55239.442150 127.10077 19.22548
55239.442150 127.08478 19.22502
55239.442150 127.34971 19.22869
55239.442150 127.29972 19.22938
55239.442150 127.00830 19.22619
55239.442150 127.28672 19.22969
55239.442150 127.21740 19.24587
55239.442150 126.97196 19.26757
55239.442150 126.90001 19.29379
55239.442150 126.91803 19.29643
55239.442150 127.20442 19.30531
55239.442150 126.89782 19.55781
55239.442150 126.96696 19.36259
55239.442150 127.11094 19.57267
55239.442150 126.93151 19.32161
55239.442150 127.01241 19.43287
55239.442150 127.10816 19.32120
55239.442150 127.10653 19.32709
55239.442150 127.02428 19.35076
55239.442150 127.19858 19.36989
55239.442150 127.26106 19.40104
55239.442150 127.26382 19.40305
55239.442150 126.88848 19.40809
55239.442150 127.41670 19.41798
55239.442150 127.00654 19.41671
55239.442150 126.88635 19.53288
55239.442150 127.16796 19.54350
55239.442150 127.46588 19.48430
55239.442150 127.33835 19.45770
55239.442150 127.43647 19.47565
55239.442150 127.26357 19.46634
55239.442150 127.25187 19.47377
55239.442150 127.43511 19.53616
55239.442150 127.43489 19.48369
55239.442150 127.45727 19.48075
55239.442150 127.49400 19.32815
55239.442150 127.01867 19.54628
55239.442150 127.46218 19.51120
55239.442150 127.21159 19.51816
55239.442150 127.02480 19.50781
55239.442150 126.93411 19.52252
55239.454260 127.31521 20.37708
55239.454260 126.98970 20.36468
55239.454260 127.43364 20.32490
55239.454260 127.25568 20.31564
55239.454260 127.26677 20.27262
55239.454260 127.48136 20.26762
55239.454260 127.12688 20.25961
55239.454260 127.18612 20.23376
55239.454260 127.25441 20.23259
55239.454260 127.43762 20.18551
55239.454260 127.20505 20.19359
55239.454260 126.91479 20.16715
55239.454260 127.40207 20.17839
55239.454260 127.27014 20.16682
55239.454260 126.92467 20.15657
55239.454260 126.88959 20.14909
55239.454260 127.05194 20.13757
55239.454260 126.92359 20.14441
55239.454260 126.92382 20.12025
55239.454260 126.92425 20.09649
55239.454260 127.12686 20.09125
55239.454260 126.92451 20.07169
55239.454260 127.01677 20.06018
55239.454260 127.01803 20.06565
55239.454260 127.27115 20.04758
55239.454260 126.96647 20.05082
55239.454260 127.27709 20.04581
55239.454260 127.20785 20.03668
55239.454260 126.96773 19.99977
55239.454260 127.36287 19.99305
55239.454260 127.48492 19.99187
55239.454260 126.94572 19.97791
55239.454260 127.09832 19.97423
55239.454260 126.92225 19.97113
55239.454260 126.98147 19.95178
55239.454260 127.44231 19.95229
55239.454260 126.95823 19.94170
55239.454260 127.36224 19.92277
55239.454260 126.90791 19.89111
55239.454260 127.17914 19.86387
55239.454260 127.11503 19.87307
55239.454260 126.99952 19.84659
55239.454260 127.35026 19.83904
55239.454260 127.31393 19.80266
55239.454260 127.31539 19.80216
55239.454260 126.89985 19.78964
55239.454260 127.04527 19.75741
55239.454260 127.06347 19.75459
55239.454260 127.15616 19.74174
55239.454260 127.20588 19.74283
55239.454260 126.87938 19.70763
55239.454260 127.19322 19.70226
55239.454260 126.92516 19.70152
55239.454260 127.25285 19.67173
55239.454260 127.19583 19.65565
55239.454260 127.19916 19.65633
55239.454260 126.93180 19.65079
55239.454260 127.34833 19.62501
55239.454260 126.99649 19.59527
55239.454260 127.48531 19.22997
55239.454260 127.44722 19.22954
55239.454260 127.36445 19.22858
55239.454260 127.20465 19.22627
55239.454260 127.09987 19.22500
55239.454260 127.34067 19.22810
55239.454260 127.29967 19.22941
55239.454260 127.00830 19.22620
55239.454260 127.40900 19.22915
55239.454260 127.25129 19.22969
55239.454260 126.89993 19.29379
55239.454260 126.91795 19.29638
55239.454260 127.10520 19.30606
55239.454260 127.02405 19.35077
55239.454260 127.46097 19.55959
55239.454260 127.26106 19.40104
55239.454260 127.01809 19.56018
55239.454260 127.11095 19.57267
55239.454260 127.35727 19.58322
55239.454260 127.10653 19.32707
55239.454260 127.10817 19.32122
55239.454260 127.08346 19.58927
55239.454260 127.49376 19.32805
55239.454260 126.93140 19.32168
55239.454260 126.96695 19.36260
55239.454260 127.29024 19.46957
55239.454260 126.95389 19.38821
55239.454260 127.26387 19.40313
55239.454260 127.16796 19.54349
55239.454260 127.01242 19.43286
55239.454260 127.41714 19.54100
55239.454260 127.22513 19.44956
55239.454260 127.33836 19.45771
55239.454260 126.93507 19.44765
55239.454260 126.93487 19.45966
55239.454260 127.22661 19.48346
55239.454260 126.88635 19.53287
55239.454260 127.22340 19.50714
55239.454260 126.93396 19.51234
55239.454260 127.43277 19.53659
55239.466480 127.31523 20.37641
55239.466480 127.13316 20.37290
55239.466480 127.00146 20.36969
55239.466480 127.25570 20.31563
55239.466480 127.40655 20.31945
55239.466480 127.26679 20.27262
55239.466480 126.98941 20.26588
55239.466480 127.48065 20.26728
55239.466480 127.12678 20.25969
55239.466480 127.46159 20.26342
55239.466480 127.18611 20.23375
55239.466480 127.25443 20.23259
55239.466480 127.05214 20.22703
55239.466480 127.24882 20.21159
55239.466480 127.37919 20.21133
55239.466480 127.43763 20.18549
55239.466480 127.20507 20.19358
55239.466480 126.92221 20.18130
55239.466480 126.91479 20.16716
55239.466480 127.27015 20.16682
55239.466480 127.40133 20.17743
55239.466480 127.39668 20.16113
55239.466480 127.05196 20.13757
55239.466480 126.92339 20.11248
55239.466480 127.01679 20.06018
55239.466480 127.27115 20.04757
55239.466480 127.27696 20.04572
55239.466480 126.94538 20.02394
55239.466480 127.38744 20.02617
55239.466480 127.37477 20.01119
55239.466480 127.37596 20.01203
55239.466480 127.44736 20.00997
55239.466480 126.87408 19.99934
55239.466480 127.09832 19.97423
55239.466480 127.33817 19.97807
55239.466480 127.05825 19.96966
55239.466480 126.96733 19.95111
55239.466480 127.06809 19.94116
55239.466480 127.36226 19.92279
55239.466480 127.04110 19.91661
55239.466480 126.90792 19.89106
55239.466480 127.17914 19.86384
55239.466480 127.33018 19.88249
55239.466480 126.99167 19.87499
55239.466480 127.11260 19.87378
55239.466480 127.10769 19.86347
55239.466480 127.15226 19.85722
55239.466480 127.23752 19.85183
55239.466480 127.34790 19.84035
55239.466480 127.32120 19.78340
55239.466480 126.92886 19.77668
55239.466480 127.15618 19.74173
55239.466480 127.20591 19.74281
55239.466480 127.17745 19.73902
55239.466480 127.42546 19.72665
55239.466480 127.32850 19.72417
55239.466480 126.87938 19.70763
55239.466480 127.19322 19.70228
55239.466480 127.14535 19.71254
55239.466480 126.93015 19.69598
55239.466480 127.19584 19.65563
55239.466480 127.19917 19.65633
55239.466480 127.08072 19.62571
55239.466480 126.99644 19.59530
55239.466480 127.27557 19.61006
55239.466480 127.18481 19.60635
55239.466480 127.47449 19.22920
55239.466480 127.36432 19.22905
55239.466480 127.32076 19.22733
55239.466480 127.25075 19.22640
55239.466480 127.23667 19.22613
55239.466480 127.08724 19.22395
55239.466480 127.07011 19.22355
55239.466480 127.46393 19.22921
55239.466480 127.15020 19.22481
55239.466480 127.11976 19.22456
55239.466480 127.04854 19.22318
55239.466480 126.94296 19.22235
55239.466480 127.12721 19.22572
55239.466480 127.10418 19.22577
55239.466480 127.09743 19.22564
55239.466480 127.29969 19.22941
55239.466480 127.03853 19.22532
55239.466480 127.00830 19.22623
55239.466480 127.25758 19.23708
55239.466480 127.36572 19.24808
55239.466480 127.10763 19.24434
55239.466480 127.03213 19.24614
55239.466480 127.13120 19.25985
55239.466480 127.09468 19.26549
55239.466480 126.89997 19.29378
55239.466480 126.91800 19.29642
55239.466480 127.11095 19.57266
55239.466480 127.01240 19.43284
55239.466480 126.93153 19.32165
55239.466480 126.96841 19.36978
55239.466480 127.10818 19.32120
55239.466480 126.93198 19.58499
55239.466480 127.10652 19.32710
55239.466480 127.02413 19.35079
55239.466480 127.06722 19.45574
55239.466480 126.93594 19.34311
55239.466480 127.05231 19.35705
55239.466480 126.96697 19.36257
55239.466480 127.26107 19.40105
55239.466480 127.32782 19.40092
55239.466480 127.13523 19.41407
55239.466480 127.29031 19.46958
55239.466480 127.29706 19.42021
55239.466480 127.31369 19.47355
55239.466480 127.33837 19.45770
55239.466480 126.97825 19.45006
55239.466480 127.22661 19.48348
55239.466480 127.32114 19.49544
55239.466480 127.16795 19.54350
55239.466480 127.22090 19.50775
55239.466480 127.00647 19.50726
55239.466480 127.14102 19.52524
55239.466480 126.88636 19.53289
55239.466480 127.43054 19.53709
55239.478720 126.91865 20.36892
55239.478720 126.91892 20.36043
55239.478720 127.25567 20.31562
55239.478720 127.26676 20.27261
55239.478720 127.38510 20.26679
55239.478720 127.18609 20.23373
55239.478720 127.41442 20.24507
55239.478720 127.25441 20.23257
55239.478720 127.30210 20.23730
55239.478720 127.02080 20.22079
55239.478720 127.20503 20.19357
55239.478720 127.43758 20.18549
55239.478720 126.91480 20.16715
55239.478720 127.27014 20.16681
55239.478720 127.39367 20.16122
55239.478720 127.23825 20.15677
55239.478720 127.05194 20.13756
55239.478720 127.08219 20.13362
55239.478720 126.92385 20.12002
55239.478720 126.92303 20.10905
55239.478720 127.00781 20.10130
55239.478720 126.97290 20.09433
55239.478720 126.92353 20.07886
55239.478720 127.01678 20.06018
55239.478720 127.27111 20.04753
55239.478720 127.07895 20.03615
55239.478720 127.09831 19.97423
55239.478720 127.17021 19.97968
55239.478720 126.93713 19.94826
55239.478720 127.07539 19.95199
55239.478720 126.93096 19.95033
55239.478720 127.47004 19.95843
55239.478720 126.91871 19.93534
55239.478720 126.91917 19.92342
55239.478720 127.36222 19.92278
55239.478720 127.09872 19.90947
55239.478720 126.90790 19.89111
55239.478720 127.41517 19.89988
55239.478720 127.17909 19.86389
55239.478720 127.37733 19.85935
55239.478720 127.38353 19.85081
55239.478720 127.24396 19.83997
55239.478720 127.15615 19.74173
55239.478720 126.87937 19.70762
55239.478720 127.19318 19.70227
55239.478720 127.26737 19.66115
55239.478720 127.19580 19.65562
55239.478720 127.19916 19.65632
55239.478720 127.13224 19.63377
55239.478720 127.10831 19.61572
55239.478720 126.99651 19.59522
55239.478720 127.49369 19.22910
55239.478720 127.47425 19.22881
55239.478720 127.41722 19.22821
55239.478720 127.35301 19.22717
55239.478720 127.23664 19.22564
55239.478720 127.22309 19.22547
55239.478720 126.93194 19.22099
55239.478720 126.92050 19.22095
55239.478720 127.40709 19.22809
55239.478720 127.26863 19.22623
55239.478720 127.08315 19.22342
55239.478720 127.13399 19.22416
55239.478720 127.07496 19.22316
55239.478720 126.94259 19.22224
55239.478720 127.36426 19.22911
55239.478720 127.09712 19.22522
55239.478720 127.29969 19.22937
55239.478720 127.13586 19.22708
55239.478720 127.00830 19.22616
55239.478720 126.93944 19.25324
55239.478720 126.93551 19.29222
55239.478720 127.10596 19.30851
55239.478720 126.94331 19.31367
55239.478720 127.29028 19.46958
55239.478720 127.11094 19.57266
55239.478720 127.10583 19.30758
55239.478720 127.10649 19.32711
55239.478720 127.07287 19.32217
55239.478720 127.30393 19.37874
55239.478720 126.96695 19.36261
55239.478720 127.33836 19.45769
55239.478720 127.26105 19.40103
55239.478720 126.95105 19.40086
55239.478720 126.88839 19.40805
55239.478720 126.94617 19.46963
55239.478720 127.01238 19.43290
55239.478720 126.95410 19.55261
55239.478720 126.94547 19.51762
55239.478720 126.88634 19.53287
55239.478720 127.16792 19.54352
55239.478720 127.32211 19.52738
55239.491050 127.02041 20.37042
55239.491050 127.42412 20.32489
55239.491050 127.25567 20.31563
55239.491050 127.09181 19.97148
55239.491050 127.26676 20.27261
55239.491050 127.42188 20.28233
55239.491050 127.18610 20.23375
55239.491050 126.88635 20.23871
55239.491050 127.00713 20.23741
55239.491050 127.08330 20.23777
55239.491050 127.25440 20.23258
55239.491050 126.92050 20.22880
55239.491050 126.92097 20.20337
55239.491050 127.48076 20.20556
55239.491050 127.20503 20.19358
55239.491050 127.43760 20.18550
55239.491050 126.87990 20.15020
55239.491050 126.92115 20.18184
55239.491050 126.90536 20.13655
55239.491050 126.92137 20.17810
55239.491050 126.91479 20.16716
55239.491050 126.87242 20.16001
55239.491050 127.27014 20.16681
55239.491050 127.39065 20.16129
55239.491050 126.89457 20.14393
55239.491050 127.05193 20.13757
55239.491050 126.92208 20.13284
55239.491050 126.87037 20.12387
55239.491050 127.46442 20.13169
55239.491050 127.46209 20.12969
55239.491050 127.26928 20.12784
55239.491050 127.05943 20.02323
55239.491050 127.43473 20.11400
55239.491050 126.92248 20.09818
55239.491050 127.01678 20.06016
55239.491050 127.27113 20.04755
55239.491050 127.18136 19.71642
55239.491050 127.03091 20.00268
55239.491050 127.08409 20.00903
55239.491050 126.98401 20.01329
55239.491050 127.08151 20.01099
55239.491050 126.98822 20.01156
55239.491050 127.10713 19.99254
55239.491050 127.11271 19.98865
55239.491050 127.12169 19.99269
55239.491050 127.12506 19.97225
55239.491050 127.09830 19.97422
55239.491050 126.87291 19.97438
55239.491050 126.93714 19.94772
55239.491050 127.07028 19.95162
55239.491050 127.03430 19.95096
55239.491050 126.96947 19.94993
55239.491050 127.15585 19.93832
55239.491050 127.25190 19.99258
55239.491050 127.21328 19.93989
55239.491050 127.23486 19.90108
55239.491050 127.09178 19.60586
55239.491050 127.20257 19.92425
55239.491050 127.20124 19.92533
55239.491050 127.21137 19.91815
55239.491050 127.36223 19.92278
55239.491050 127.25689 19.87899
55239.491050 127.22599 19.92066
55239.491050 127.24752 19.89307
55239.491050 126.90790 19.89112
55239.491050 127.33202 19.88236
55239.491050 127.17911 19.86390
55239.491050 127.05676 19.86557
55239.491050 127.32412 19.83558
55239.491050 127.48532 19.84685
55239.491050 127.31512 19.84390
55239.491050 127.31831 19.84165
55239.491050 127.40279 19.78064
55239.491050 127.32929 19.83377
55239.491050 127.33973 19.82607
55239.491050 127.34253 19.82433
55239.491050 127.35016 19.81073
55239.491050 127.36075 19.81139
55239.491050 127.36538 19.80301
55239.491050 127.37352 19.80218
55239.491050 127.40346 19.76584
55239.491050 127.42941 19.76926
55239.491050 127.10976 19.76747
55239.491050 127.43140 19.76037
55239.491050 127.44479 19.74233
55239.491050 127.43792 19.75578
55239.491050 127.15615 19.74173
55239.491050 127.23998 19.74380
55239.491050 127.46531 19.74104
55239.491050 127.47578 19.72886
55239.491050 127.46436 19.73674
55239.491050 127.47787 19.72739
55239.491050 127.48102 19.72482
55239.491050 127.48427 19.72262
55239.491050 126.87938 19.70763
55239.491050 127.19318 19.70228
55239.491050 127.29833 19.69212
55239.491050 126.94376 19.66509
55239.491050 127.33116 19.67254
55239.491050 127.32287 19.66453
55239.491050 127.19580 19.65564
55239.491050 127.19916 19.65633
55239.491050 127.48215 19.64267
55239.491050 126.99649 19.59525
55239.491050 126.96061 19.58769
55239.491050 127.38014 19.22691
55239.491050 127.33143 19.22644
55239.491050 127.23341 19.22503
55239.491050 127.21085 19.22486
55239.491050 127.18523 19.22427
55239.491050 127.15953 19.22404
55239.491050 127.14124 19.22376
55239.491050 126.91537 19.22013
55239.491050 127.43744 19.22795
55239.491050 127.23632 19.22555
55239.491050 127.09701 19.22471
55239.491050 127.36425 19.22909
55239.491050 127.10422 19.22577
55239.491050 127.29970 19.22942
55239.491050 127.00828 19.22615
55239.491050 126.93868 19.25455
55239.491050 127.09071 19.26518
55239.491050 126.95672 19.27687
55239.491050 126.93482 19.29154
55239.491050 127.30000 19.29832
55239.491050 126.97166 19.30723
55239.491050 127.03700 19.31440
55239.491050 127.10652 19.32709
55239.491050 126.96695 19.36260
55239.491050 127.13008 19.37484
55239.491050 127.01239 19.43286
55239.491050 127.29031 19.46958
55239.491050 127.11094 19.57266
55239.491050 127.26104 19.40103
55239.491050 126.95066 19.40024
55239.491050 127.03026 19.45988
55239.491050 127.33835 19.45769
55239.491050 127.45216 19.47500
55239.491050 126.88634 19.53287
55239.491050 127.28379 19.49742
55239.491050 126.94467 19.51746
55239.491050 127.16794 19.54351
55239.491050 127.39693 19.48459
55239.491050 126.95344 19.55196
55239.491050 127.20939 19.52767
